1000
9650 5062
25021 3394
33407 6972
14966 11484
39640 8965
22711 10572
49621 10453
27065 26084
69123 56306
47648 41548
55387 32219
53266 14034
56545 6693
42940 9389
64431 52078
41293 18958
44908 14726
37712 13989
29667 29474
37748 25005
69370 20415
40713 22442
23140 17579
17246 4746
65961 29883
40269 25161
61114 21239
59124 54775
22180 17537
57955 38211
47933 10601
68675 44071
29594 5923
61689 58155
39140 21252
46451 16031
14938 13161
24989 18974
18676 12493
37775 36776
41795 24954
49228 15865
46205 31418
53582 41526
12593 1890
21884 6129
18155 12204
40933 6153
28832 23311
32192 31173
20937 2631
51399 17411
25681 15518
41767 22969
42005 10400
34241 33663
14850 12700
45761 24464
40081 8264
55701 30712
25526 21695
48353 7124
59970 59609
65779 35425
69737 22991
40899 36241
52459 9904
51374 15488
57128 50749
25862 1629
68971 49631
62402 49715
61332 24857
59912 14369
26363 24716
38119 14548
60573 53394
44295 31113
41085 4864
57781 33517
64385 55456
50316 10812
16111 4261
26560 17086
19426 3542
24426 277
52066 2706
60787 30329
20643 18189
19919 14875
45225 31694
61827 59427
53737 16752
56668 39650
66673 61403
32953 23626
39489 21669
34101 20120
63079 48806
39796 39573
44600 17272
36589 2426
63999 29248
53140 9111
57508 31285
34861 15013
51722 48206
66982 33266
28800 19780
44114 15222
20418 4853
43969 43212
65203 29736
45469 44741
52718 19961
56315 24732
60585 53742
50521 34225
64080 35051
21818 18298
57871 18152
64360 21120
45286 38047
30556 17815
62077 54545
49308 43201
40711 24623
51442 49937
39166 15278
37571 10999
40685 34220
45307 30437
60895 46853
57836 29758
28163 789
29149 15258
65634 28527
50603 34891
22714 12899
23571 2619
62237 46587
30446 3240
68398 28135
53290 15561
44270 14071
34522 29242
21451 1446
56872 42586
35181 24992
61710 47036
38150 29511
56488 13635
45191 41373
17026 9831
46505 10531
64556 60192
29802 25943
33736 8500
23455 19860
32031 12627
62932 43861
57757 42856
44855 26857
36655 23469
30913 5783
64063 22137
31372 18552
54710 37505
41925 24353
14051 2012
43995 9053
26503 16007
44608 21860
33498 8975
51374 25767
51351 30221
49265 2344
67013 62305
60994 49013
67415 66529
61264 58670
49218 28679
47174 20213
38882 32541
45956 10246
29339 2016
49156 4660
11910 7475
61806 28721
35716 14278
33127 20176
60673 48273
50251 30831
41031 32297
66741 56177
61512 30619
59463 57212
30604 20537
30519 23292
32350 25471
43782 22104
52749 26362
64866 53187
51883 50403
62230 47527
39909 30214
69641 30848
61360 25256
50750 1487
30424 25005
36042 19335
55667 6430
35252 15751
67524 56576
50257 45523
28137 24178
40934 1131
52705 43948
58127 11537
63837 29632
22849 1317
68950 51686
55658 35337
23460 8491
59730 56200
36608 30903
22544 4412
23008 9102
36909 5513
44131 25451
64921 35115
56236 28631
58732 31458
25786 9198
52227 32033
49483 22216
66208 43919
18614 2644
13282 10484
15875 3021
60311 40645
37061 28482
31871 18489
67630 66290
47891 13223
58657 51742
63062 22253
54494 38175
56333 22563
69509 43887
57550 23304
27541 23373
45197 22424
30262 17441
43548 24750
67959 50548
66042 35785
63473 52407
50414 27128
18917 2798
46097 17957
62768 47717
51536 48439
52064 25497
60236 20352
60019 28872
62167 56198
47396 15440
48182 38088
11757 1475
43767 35621
41700 35313
65163 16556
24273 16113
22669 16232
36395 16811
57917 50178
29474 3856
38704 16806
5413 1358
65029 24234
36698 17324
37940 21472
27366 26075
60857 24888
46935 8073
51447 3400
46562 23532
20828 3645
57203 18120
31244 25696
51136 22997
63853 31336
38436 14136
65021 36815
59913 37238
30211 21069
34333 31647
27842 17995
32171 3558
59401 24890
53435 19668
44356 6124
61710 36853
33678 30342
42425 6035
64001 51392
56652 33091
51456 29475
25211 15371
53257 19361
60615 21592
49301 42604
19816 11653
46016 39140
66705 40257
33654 1863
52035 36881
68005 53712
36588 29842
50372 7247
46364 21720
45323 20245
52709 49059
35006 12080
63940 29613
47729 40897
58381 39897
49050 36268
18216 1835
27021 21559
59217 54181
50571 45234
5735 3115
50107 30328
33696 12366
51211 8376
66638 54134
43193 9238
65090 52014
57601 27023
37525 17686
62956 17966
64374 36591
41516 11301
67822 55701
19248 1364
62871 48515
69175 48867
52955 18127
31833 6596
35518 27760
15727 7802
47708 2632
46062 20488
57239 57224
19421 11087
69426 67055
36885 1527
56099 17726
45212 40219
36296 7595
64546 15412
53686 28719
64072 54675
30654 19736
58442 44922
31065 18013
36517 16250
30173 10186
61578 26487
42700 33061
65292 31662
56249 6370
69467 28308
42210 5053
51240 42773
61890 13032
30094 20147
21826 3972
58657 25604
41913 17937
40498 10202
61958 60517
37697 30325
68076 38200
27088 8012
49207 47439
32231 28544
39166 12336
62431 13985
35679 25918
68243 53094
15066 2840
37985 7580
49709 25860
59814 45366
43547 27073
37548 22073
26481 12637
69902 66667
65436 28672
54796 32314
10962 10280
49375 19491
52052 45470
61274 55833
52716 13140
43422 23010
40006 14118
57482 29917
50913 9353
34996 10344
53262 9196
45378 17739
59134 41078
33851 13322
62203 54549
69306 55571
64114 19341
61732 36497
59007 19641
23122 16085
42221 20833
18190 12519
66818 66319
23127 20279
42213 31296
32550 27096
20405 18560
53772 14882
29196 27019
45897 20484
50040 2232
38354 29560
48559 17688
65798 57322
47210 6850
47967 24341
46443 764
54860 45276
61649 14691
56835 18621
60168 57983
21574 617
67708 60201
26376 22457
59943 39664
29693 8863
67399 32121
22564 2253
61671 22568
37348 30205
18548 3471
66921 58001
43948 42212
13044 10678
44688 3675
57238 54464
46183 15328
43507 34001
43594 12101
21283 8055
32851 20008
40393 34389
34710 17350
57113 42643
62408 40065
69399 66714
44805 954
45436 41253
68035 64955
62380 18082
34793 24937
16144 3457
56391 47229
38935 17702
24060 12012
32148 16957
68807 57342
53393 40748
30591 18951
42346 13523
36930 36215
56587 16525
45676 2605
45407 37033
60007 55208
56506 15444
65672 28735
39953 35453
8624 5252
64055 51726
42362 30031
59133 44602
64307 21576
53322 33587
33678 5714
63128 28255
32384 20970
39386 29053
66518 18937
43299 16746
56961 9817
14014 3470
53802 47947
33954 17340
50922 33032
24426 2299
47474 26374
44961 17731
49926 15909
4825 1602
34026 24839
60700 12931
42521 42144
48043 44629
21400 9714
42050 38095
60450 38868
30236 19874
50746 33910
65909 33388
54661 19662
26394 6701
23036 834
7192 6151
61048 54347
54837 22371
54405 6211
65005 16788
50305 7108
33505 13463
28888 20570
36601 5139
60600 37249
9818 8692
40039 34864
58070 14286
64646 24932
63113 58737
22033 3916
66762 31328
43605 34995
34452 27231
4898 180
60036 24406
18459 4740
15419 12868
4875 1668
17572 13433
43698 22058
66795 48966
49936 42118
57719 55330
67454 49746
66179 20405
40037 7408
43782 40830
37476 25836
23710 13515
18873 11361
29839 5929
49076 19310
30773 19680
51072 24641
55438 39513
45174 40162
61452 50843
61082 49543
64073 26684
68695 46407
26374 25966
28148 11231
33895 26796
50117 11752
44345 29565
49187 5477
23483 23137
52193 16534
9270 466
59415 47198
39486 39121
51872 13632
15534 8556
41713 21214
57283 8476
40309 21727
20857 7488
31102 359
55716 42676
43024 29571
68347 42096
48857 31332
23663 8587
51312 10874
5128 2275
23345 15991
41549 11527
63478 62214
56154 19933
64905 21545
31717 24423
57324 50333
33100 24874
63087 41720
69255 61115
62678 50071
43616 32303
59484 21693
59817 57075
45410 36338
48104 28683
26034 18023
37207 34561
48087 38637
51356 21114
49709 29721
45697 24064
65478 42448
42612 33238
42309 1515
58413 31033
66553 25044
51974 47853
13137 10536
69595 60328
53166 43981
60198 21738
57830 7958
61221 28334
16705 3780
12912 5495
49886 43260
57543 37908
64851 28789
52514 28100
24656 14052
67774 66602
52525 24385
61341 45944
65201 59909
45508 41561
43385 9467
69104 46891
55342 16096
51684 18003
60229 26958
49597 22383
62946 15104
27010 21495
66882 64588
56436 6790
66283 65384
68503 35455
24485 3238
24551 23060
12997 8329
67519 35636
31607 11228
57636 47679
64479 39004
15558 9644
47685 27238
8203 433
14442 6575
30283 15489
21051 1514
14201 319
52222 25309
22052 1414
44063 18857
57411 15633
42050 2059
69793 45982
16996 3469
45555 30794
44850 23680
39137 20628
23353 8536
64468 48329
30848 9460
61987 27771
19184 2680
50184 8953
66069 32094
46064 36977
51236 25716
60103 12155
46540 8916
66029 50719
43668 24564
52288 42601
42868 25940
64431 51121
27546 12341
7731 3477
55817 54120
63430 56210
11382 10
12704 2534
69868 55581
49319 3783
22132 13871
48186 33045
53183 29859
50161 30903
65438 44600
17644 5914
44597 15364
48523 1793
22927 1319
15484 5631
65297 56951
54955 18154
64867 50222
38205 31758
43523 36864
69673 26971
61949 32073
45766 33115
51860 9169
29624 25314
45284 3937
65460 58506
57023 52651
47973 37933
54336 30150
52469 39279
63712 55253
14181 12144
50833 19610
35959 11982
41861 8547
56206 39746
24890 21211
8902 1829
39261 24095
43105 20860
37653 1629
16195 5153
69276 55527
38454 28249
20402 17487
42946 24320
49548 14158
42646 13382
36009 4052
44411 1795
35608 15627
8620 8329
48437 12730
49952 30
39887 13010
55047 41481
42857 27835
57608 11820
66837 53258
19519 13167
52981 18038
69822 36643
66996 52349
43450 17340
40728 1419
61413 53755
34882 9052
66234 53161
62119 56217
30342 15454
32907 17030
13459 10877
12630 11445
68767 32161
20091 8761
48473 37975
58988 27305
46641 18342
58547 27591
27049 24381
67258 64562
29065 2288
44038 1887
19542 7050
69730 20339
64197 28193
40249 13283
43189 698
49282 27143
25052 21480
62580 58411
67417 61744
64759 56545
53293 29126
36044 359
35401 28145
46416 39681
52225 9551
61430 20269
39821 34240
55095 40481
63798 35227
19748 12335
23850 9138
30052 23314
52488 23445
43413 21758
59068 10225
36999 35520
51124 29948
38718 8610
69321 46620
22785 554
32523 1397
69046 24865
57044 23305
4821 601
45190 36745
16334 9258
67018 54635
42253 14568
69182 33585
32805 9638
50499 47292
15452 8030
53711 4321
61880 24247
59597 39068
12970 7383
56750 27518
40262 3060
26244 4282
33492 22731
59550 16528
52282 19846
19723 6764
54855 14312
21339 15901
37407 25709
26448 709
60081 51624
14360 8431
24944 13150
69812 42391
43218 17372
69209 33743
28021 27687
45153 12199
56121 35337
38044 5301
64360 28165
36571 1946
40379 39607
33476 6840
25528 3489
22511 11210
31431 23087
66449 37320
32485 5250
50249 23444
62213 48954
34864 13246
42086 3882
42698 5509
42709 12985
25095 17884
12234 7711
8909 6269
65626 54963
64980 63793
68467 58365
58473 31546
48845 37339
31980 16645
57795 45590
66020 38079
50285 41160
68104 37667
26490 353
49925 4211
52639 28642
27896 3324
20835 12061
24098 15900
49109 17830
58824 22321
62621 21601
43612 26447
1068 533
32033 8275
34743 9616
30934 3871
44521 17880
46186 12260
63477 61895
62579 29344
29188 12636
39947 36857
50258 23420
27998 27653
38872 8909
49093 41974
60391 53159
36165 27347
30248 22538
57671 50031
42252 18081
25357 6571
48866 15302
30021 23302
12096 3786
20389 3368
49045 33858
26045 19675
49497 12344
67314 24216
67525 41263
35545 26704
33922 13098
52698 35559
63511 42403
56181 48859
37658 12373
19926 15925
38329 34505
48026 22219
61549 20786
47434 46113
66169 57618
52805 26116
51646 31884
61089 37131
56155 22153
63189 44717
35414 475
32640 10903
62698 44703
67680 66960
39145 28028
61715 56249
69435 62426
67305 65918
63526 16664
61486 46200
36369 30081
33754 12520
15315 13161
66549 62487
53721 40020
64032 60185
6817 5499
56517 41824
33067 24557
62594 13558
46673 22668
57287 48595
41040 40651
68962 26620
69107 41095
63108 20717
61591 46017
26615 5682
22245 16324
33091 31546
58038 23979
61089 19871
57035 28195
28930 22742
55052 17549
54386 45807
38923 15568
36407 24989
54283 38826
47036 20230
68526 50990
68639 34724
47983 36765
21553 19717
58716 44234
63168 37586
26731 8364
65330 50989
44458 17432
66425 60420
3504 3070
55266 53281
66953 43074
68392 25958
37119 3547
39877 19657
3656 845
46512 19324
69390 40265
56033 23709
63137 55921
68789 61395
24019 7222
52751 40468
5677 3227
11917 7003
66088 22921
