7500
73720 54577
60175 34120
87326 51902
84091 65844
86540 84893
53538 26217
22872 9836
49674 43860
66541 17530
37069 5301
48994 10355
57730 36169
58609 41784
75628 56491
64038 23406
61531 46020
81812 39972
24027 20143
31318 28468
72935 39395
69291 51506
36782 19682
39688 2481
71525 26654
68268 32299
44578 30373
15757 7352
55241 8994
74162 70574
81245 63514
68409 30005
83198 60595
78292 51411
24269 16938
73701 35436
63870 53433
40177 3325
13296 1580
69278 57421
72918 64530
88769 79036
65960 38302
85015 63474
69061 64678
38862 22362
87361 66161
26513 6413
40478 29726
33429 9137
87413 65413
49800 40524
44833 29077
76220 30161
68439 65647
51691 20003
56701 43972
81856 46781
53723 22839
88338 62067
79014 32760
31510 28862
76315 50709
53609 3733
10396 563
73261 65868
32667 20208
26042 16690
56558 16181
58159 55043
64269 54350
76853 57305
36190 18151
54828 51421
71227 51211
77867 51685
43076 32029
88937 58425
35386 2606
77021 72431
60134 41891
32150 30212
46580 43776
83326 53563
24889 14902
59084 13542
69052 55984
24355 20569
78904 64941
28941 27689
54148 16172
33557 28087
85347 54487
7634 5917
85140 66117
43526 7279
81592 35913
49362 24125
17443 13643
44586 44307
59316 33928
65516 19400
83378 73473
79770 76258
60347 48226
48735 989
23099 18466
59054 10727
3468 960
84572 80006
26667 4781
84223 36578
32922 10005
88038 69195
73723 34299
30726 13814
72015 64428
30859 5342
53407 44101
73581 25858
12396 10603
48052 9186
81119 53712
30463 818
42212 24322
38037 30943
37028 23660
46524 36484
52129 43673
53651 31472
78095 45629
29739 3541
65709 60123
54310 15901
87065 56595
69416 27385
61231 14163
38473 26575
64365 58314
52874 39655
83737 34940
62368 27874
12998 1438
74510 36428
49519 42052
51953 35888
70138 23984
24628 21185
88147 49638
68878 39770
67655 23321
65017 61129
33978 21657
45992 14426
76689 49285
46995 20704
43973 1853
88292 76437
42466 8770
58092 22985
22991 22148
77830 59026
81679 49185
19301 3199
51956 47565
74464 69428
67695 59523
65532 20708
40127 35332
86828 37766
48053 13206
76427 61803
80990 63159
87511 51042
32438 23147
58449 54235
56743 23347
67692 44245
80924 75791
3532 1213
28534 16821
43949 16816
89807 70964
47099 35598
88035 64125
56716 27929
66325 46011
81943 64237
48753 24723
57758 15669
18791 14922
75296 30255
75862 73198
16023 7337
78657 36173
74830 64184
21405 3431
78698 48768
15744 6317
76354 59061
23502 23273
26064 11084
37144 15475
40638 8755
54296 5340
88437 73955
87884 87357
87908 43616
20669 1610
48123 12946
38967 19537
34836 27728
86250 41836
36298 24493
78628 74891
68387 47338
35790 10072
77673 53898
79841 63313
24275 11166
59227 33185
79947 72515
46431 38522
11360 804
62130 40706
74229 34981
33122 27035
58490 42043
72506 70729
61595 29855
43774 29517
68355 63910
47368 11976
40535 17337
67736 55449
45941 32605
18091 12312
58743 41250
50751 18850
67784 47004
65681 24212
56207 48100
40632 20185
44954 39752
51169 21077
59991 11823
62282 26399
21008 15601
18670 12944
41738 34979
43430 28347
22140 11083
41617 34107
61737 58575
87282 62787
23703 19348
82913 50434
42112 24067
66649 43943
15742 5559
49017 37411
42132 8948
42140 6388
55805 43546
64086 57271
63071 41870
34924 30879
69337 23361
86046 46446
85023 84887
86387 86034
82581 80812
60623 33138
35495 10556
20264 14039
41909 40755
49905 28975
85654 74817
42829 21879
55973 7807
53864 49146
30301 20360
46002 42490
26668 17962
17217 14198
56883 41350
24168 346
9297 5434
37839 6541
34913 10985
31600 31169
22878 2407
76261 56254
73245 66646
50943 44875
21809 9369
60559 28630
50745 26553
41058 9995
55119 18625
19629 18583
80672 68074
75588 46075
75944 46151
80676 38302
33277 31990
82927 75958
57770 19156
53463 43700
48536 35627
64283 56923
65247 63145
88377 61900
49032 35526
76020 69822
22140 4080
42495 11441
71794 40959
54845 7880
86881 67842
42116 3043
62149 43146
39766 6043
40940 24403
36225 14194
79199 29560
89968 68003
62732 57975
49738 35093
60284 51758
23281 17726
82553 77777
6058 4959
56017 37555
21205 6371
27716 1705
44306 27262
62592 34787
48674 31109
60924 30957
73397 45086
75187 58399
58211 48688
36439 10257
71068 26243
62916 31042
18922 7067
39951 27464
33287 3987
70613 43081
46752 37895
67731 34968
4537 937
84436 81572
22508 19632
50764 15687
67698 19850
64996 49701
56749 37630
53576 46541
29795 26944
29982 13283
68294 65428
41863 20561
47222 29862
72523 69023
21449 9742
49344 27610
53631 39490
24996 5220
39879 33017
55581 12729
24500 20805
40407 34093
11632 568
42369 1397
71460 29822
85134 60343
69185 33112
57789 32977
20158 13683
81736 68128
84624 78497
29029 25566
68294 41281
74934 29547
59201 29446
23859 7344
68128 32250
63840 53533
43991 379
45200 2493
45322 7500
80136 73950
77507 41152
74193 69194
12094 9694
55050 10086
74463 74279
52063 16670
12585 3827
63095 24159
26927 17434
59829 56096
77597 75462
51360 19402
61681 53329
82005 43460
45770 43655
43115 30273
25922 11773
53077 47764
67831 21828
87062 64766
35735 27213
81637 47382
58398 44766
68771 51938
14106 9911
58215 25147
47142 26712
43562 11232
25426 23194
46052 18798
48576 737
63672 34791
73500 40770
29187 14535
60977 50543
57959 14616
27767 21820
55440 35316
77401 67314
62468 46607
21414 1343
62093 24592
82116 46353
42098 523
79856 40176
88896 84618
28292 20545
63723 56728
36675 13909
46287 17745
65961 24035
54997 39421
63761 34337
54820 15056
38936 29186
75469 34006
49683 45788
76557 55326
73076 43864
76722 27005
68645 20891
43634 2870
66579 33308
45762 41682
29977 1318
73112 58141
38467 24578
72812 46187
55698 48998
37769 21197
20882 17291
82899 81254
8358 6771
83366 48534
79642 31093
20686 5188
66417 24989
22484 5068
78010 39375
15454 7906
86325 56613
38065 30834
83886 57362
61786 53637
21817 18055
77510 45000
19610 8082
28360 14996
10009 3557
87745 79479
49178 10205
73237 28930
50843 32728
80218 70568
76440 27113
80242 30703
53667 9176
15667 13711
73748 73013
70105 42332
62815 26093
79059 51642
40520 10121
85521 71140
79402 45356
72210 27400
55239 30117
56983 38576
70989 52771
78148 46730
48538 10700
70600 27827
21964 1238
79100 43883
51061 25002
73228 46146
75887 65684
21232 6721
59968 40070
57611 44463
83720 64285
30602 14275
85319 78111
8771 4278
89622 83484
85320 75036
53837 10121
21808 8388
71078 62881
83251 59200
66924 37425
77808 51919
87373 62286
43928 6002
47778 12031
75862 33588
53587 41469
85227 61619
80831 61690
13929 10574
38870 13679
88705 61095
80467 69002
82874 52355
39876 23290
62847 32717
20959 16269
59895 28837
80082 67932
19867 14664
57279 25574
28320 17344
72350 30317
83519 58696
82587 70404
62905 16350
67624 21458
49188 21727
52964 4908
76401 38343
62289 46080
57726 54276
50680 39966
49516 18986
78372 37225
47559 20538
73604 34052
10392 8764
89517 48679
46901 11849
65085 33845
82830 76433
79765 57723
66896 19719
49359 1427
70271 49884
68833 41772
42018 29915
87558 86463
13132 11566
37989 22926
69131 54951
51411 50726
51218 23159
25935 15769
71665 37307
46694 3071
18647 11177
32038 21127
23521 5476
51206 1519
51476 50198
37816 33957
55411 38217
86794 77264
37792 25992
59800 25684
30920 1897
38684 2381
81177 55245
5171 4036
88004 87121
73017 67696
70388 29778
35420 15335
66307 63450
45459 13606
82628 55730
34877 3769
85407 38157
44249 6308
33550 12363
86972 83014
20318 6062
56690 23537
54154 9694
89602 51166
79373 40617
56388 33899
89756 78407
87208 50364
63024 27471
65518 54560
37647 11445
31681 24559
74971 40150
52305 29374
69833 54158
69545 37866
45213 31544
54265 12641
77395 29900
75907 44365
64729 45609
44047 13429
50665 47101
25696 11175
71744 40637
89707 69707
47715 27822
39057 29393
73322 50039
79778 78256
66964 41510
41931 6117
88425 78672
22964 2879
46161 9173
50582 41772
84819 65222
58923 25352
21639 19680
66590 58787
54464 46539
49909 41099
46945 15360
46429 4997
73821 36209
63652 43169
64486 41990
78889 32106
44303 43421
80731 39936
9644 599
68193 37059
81835 54581
59206 33271
88248 39227
83408 39837
26871 17409
49106 46081
65600 22127
33702 14631
47653 45898
49142 21349
81552 40562
66757 43540
50195 37618
33913 32566
48927 45049
39375 38205
29312 16728
80768 37002
33611 25737
75187 36892
40851 38782
75498 72496
39562 13328
7985 4341
22291 7776
8519 329
45826 34482
67644 42608
5350 4485
87915 45976
77160 30609
63667 44248
70156 33750
28071 3766
22165 7314
55767 52384
37481 17115
45714 36000
53405 14707
46492 43456
67190 56505
73036 48798
15886 1198
79289 32229
41867 23754
79891 70788
43320 9881
64974 15140
59412 52611
26887 25476
47371 14513
64888 29344
66554 55384
18978 14384
56897 50326
34823 29484
29367 14427
81516 63340
41950 35646
74801 66939
48093 21030
19183 14194
64950 17756
16793 8299
48604 10115
50257 20407
72339 56446
35135 16099
83483 70774
38660 25735
68021 59539
77609 44992
36482 34021
52893 31402
51860 41895
37006 2969
85409 47353
45896 8236
80892 41053
50685 2048
31563 29545
49497 8212
57197 43313
49945 13467
34034 26734
67194 45346
36169 21066
88702 40683
82333 50881
69315 56651
70948 46925
59065 56463
68867 63686
64025 59845
44446 4098
60920 11173
74929 35304
57439 12638
23046 17017
50360 41715
52596 19986
60604 35434
48601 35243
68328 57867
77536 55151
28688 28520
89377 86564
67094 42200
68359 42005
87236 44057
60406 31265
49153 33341
80899 31895
66431 51046
84572 44460
74999 30592
54715 15535
72078 61382
46481 33650
84252 68966
21760 1388
69771 53197
82750 72576
18228 8712
67563 23112
62687 32666
59101 28222
40835 15533
79536 46607
88464 77575
85235 54013
48530 26587
44493 24144
39734 34679
84084 47788
69208 41748
77582 30900
22927 5446
39657 27250
32541 16223
55283 31819
74543 51580
39272 27507
10484 5267
56270 11296
32165 22805
49997 19724
51558 40504
86996 64109
84476 78334
21081 20287
66443 58073
83671 64207
53487 9262
24016 23415
39316 16506
75624 74754
63558 53373
18508 12832
58073 27503
47486 9787
31473 20611
77499 49232
73173 48541
59675 35954
51386 4984
67088 52585
62639 33258
70760 62812
37802 11793
85915 73496
24383 13228
52660 30408
66338 59076
47501 40292
61252 21354
47618 18676
83542 70373
50511 14073
29643 6844
13904 12243
63018 50916
42401 13233
71804 34166
89864 85204
65668 48688
86578 71026
52249 16179
31422 7757
65245 57696
77912 75558
47914 37604
26587 14797
61719 12017
52363 14360
58105 21675
19015 5227
77129 67130
66367 46181
56267 51937
77482 57443
78026 74847
43127 41934
77141 44496
76083 59640
49063 10439
44123 24389
3764 2364
46930 38813
64506 60520
19577 18478
55169 47743
66379 21081
52542 21246
62212 37898
79145 73893
85329 41374
68279 55352
59094 14845
61966 35186
66537 27361
68379 55960
84506 42721
32137 23255
32468 2062
50193 44617
84314 48230
12969 8783
64746 33707
58730 21833
73376 51436
47862 22488
53194 48706
71980 23578
88411 65785
78568 59618
40453 3576
82759 42482
85530 51208
74624 55864
52173 22066
65771 54359
53413 4702
49004 8135
39803 5796
46861 25182
19577 14889
26620 8211
64623 56346
51189 41326
44114 1095
88416 66576
82905 42332
17936 3526
67762 33920
67339 21931
47133 26392
55702 25815
53443 18019
23098 11256
71825 50963
74703 28554
80408 56138
66830 52839
14505 2361
29096 26312
63747 62689
69679 58596
52918 25459
48133 19939
32417 15583
83814 69994
47503 17919
47164 30138
71903 43020
49589 10963
16210 15062
74316 35716
59987 22894
43034 2273
68944 50079
37428 31517
31835 2411
29940 10317
88628 78876
54175 42592
48208 27067
56969 9312
46939 44589
55979 52110
47670 21005
87440 69790
48903 4156
59091 39883
22102 13882
51003 42823
63493 50475
77410 55720
54715 43200
68196 56467
38747 15210
72146 47410
48563 12432
84510 78063
86927 56729
85914 39494
30507 14624
88458 63204
67500 52261
59905 47619
40149 16091
53841 37419
59124 35990
64595 48281
83680 71409
66420 28642
67496 31174
80030 36302
64941 41805
22396 17923
18437 10870
69751 65354
69701 65708
30463 575
38602 31087
82446 56074
15711 4255
83619 81268
30134 26913
79719 64492
79202 59463
64639 33721
48313 24863
84061 44433
65589 17608
19682 17418
78490 36638
31755 7190
49317 36009
59730 17585
40911 17260
63703 44856
62537 39491
61269 36469
47369 36894
89489 81240
85965 50314
20913 18045
71664 26249
69490 51846
59125 30020
69787 60614
66547 19708
87385 59481
75367 54642
33739 5552
82696 55896
58857 41243
40704 29728
45509 2175
18148 7266
88056 75403
88025 78142
82615 50845
48737 20608
71626 56905
49908 29263
74786 34115
60707 17347
60703 48347
28513 3339
67598 17778
34405 330
38749 34349
65810 60369
73681 48205
21083 10922
41779 27004
48512 2509
62199 20934
87189 46641
57871 28568
68923 47481
62429 38088
69068 51982
83030 35511
63260 29981
59651 11785
76343 45228
9871 9411
63124 17799
19057 17954
64740 59188
59287 20603
44632 18681
54412 51985
39937 29594
77124 29185
38815 6315
67688 39136
65948 19344
77122 64644
50168 23502
37201 11117
82589 37568
54222 15009
77506 28089
57158 42586
42886 37686
57772 40482
9733 8312
42214 8277
76703 44402
67793 24455
87702 79166
69143 60867
71854 68360
45271 15543
82420 34410
11276 11107
14050 10875
55984 7969
45574 30860
19907 8768
71474 54816
4751 4295
63917 34043
70629 25807
63594 55612
50306 47428
83133 35133
13381 13301
56134 50594
81253 52956
80455 47448
73795 34791
32681 12349
78745 38794
87503 72871
54754 54008
41210 30404
63739 56179
75254 55374
80306 40801
34694 7842
33631 31264
89943 78238
26043 6299
26676 2435
31219 5314
69584 34449
16355 2585
73954 49676
71124 35678
45974 29154
85042 61661
82202 66885
57410 34246
81646 69014
35939 6037
64271 47857
32770 130
24039 20929
9912 8736
76216 34659
17776 1832
24008 14258
25354 9886
87656 58388
33689 6577
88294 61662
86159 59125
87920 42480
77010 57091
89784 52795
69428 38081
80697 32572
79320 35587
82288 62068
84432 75922
64458 26825
39724 39676
55459 15427
77235 45919
84604 75542
88417 56618
72453 48309
66337 46164
71165 37572
46991 21287
9447 4251
82523 51344
34432 30315
74739 53630
27553 17188
74525 38797
86627 83260
75264 57236
41654 35702
36694 27508
16832 8018
38871 37702
66722 38034
41098 5278
73096 48601
53777 34661
53005 31214
52682 48746
83803 72368
41144 38363
51085 2005
74391 26434
68178 28775
72205 36466
84881 72741
87441 60863
65132 43842
48681 42548
26339 22068
44547 37804
19000 1486
61701 40162
56785 18317
20586 15422
49591 5813
55850 7802
60627 33242
69986 60101
76328 68180
13381 6305
50906 34319
86890 86840
77935 40880
60080 13137
65429 23888
33422 596
64614 29671
37388 18419
43566 36586
28497 11218
75623 66970
89154 62023
26089 24788
73649 38778
67548 48952
67023 53001
36753 1673
84638 73278
74825 39344
55128 13161
49395 41603
52500 35477
89359 49266
60472 38400
41154 6220
53467 40859
81200 69458
59856 12905
70022 39161
76362 39367
13176 9361
66371 44730
78196 77583
30952 18659
5909 498
69331 45789
59887 27394
80864 55911
83630 41355
75850 36750
21440 3170
28043 17993
31307 1555
57358 26860
73761 67664
45001 20444
47356 22930
73605 65902
84496 48942
73276 44857
28914 14313
39041 21544
77292 54991
88709 65507
22350 10675
50336 46507
54709 24823
55859 9538
56004 35246
67241 43495
58521 10987
30123 28813
30592 13960
38492 11609
2892 380
47547 546
79854 68303
77654 37926
21034 20294
35503 12655
46596 7586
67806 45715
80638 65831
74158 54378
30320 28325
60492 56165
21135 15413
70717 70110
65592 57942
85556 60677
33884 6966
17338 11287
52200 47039
70800 43955
82892 60911
82952 49331
39447 21657
51220 28733
85121 51011
67715 18339
78284 44897
50518 1085
50998 22127
84467 83889
54340 23733
81283 76435
80728 55853
70237 48034
60169 49667
74509 65812
58056 18503
73089 62034
12296 4680
53142 44548
28272 13919
72923 30133
84581 48801
33174 12314
37916 6002
80996 32661
89455 54768
89957 54512
51848 35677
68889 40432
68406 40250
45070 9326
43129 24383
84884 82379
47197 26591
66019 38320
69168 38671
58551 58435
39651 20966
81692 76143
72368 39808
50483 1384
27545 23634
43486 35329
65989 31573
43697 6908
57008 41633
89118 44507
74314 52797
12242 9111
38854 24108
64754 17203
70454 63885
52708 22128
87900 60838
73468 31825
71965 63966
83364 56659
54674 13104
88592 60591
21124 20969
82441 65549
67610 50768
60670 35254
74207 54169
73443 41762
80675 55315
68156 52149
26214 6311
50911 43017
46904 12259
31473 30178
74611 49792
59824 48477
20206 16658
53124 49371
57606 27628
46006 45702
62069 28849
39942 33887
86084 46140
33349 13636
73811 57374
70477 62895
26613 16994
39092 22720
46679 28309
30974 3573
48075 15778
50616 50070
16830 2111
63951 39984
87233 79822
82108 33037
34342 28891
47410 14907
76640 30765
76638 41947
87585 40463
82152 33951
18958 8868
81236 54776
38106 20712
85760 44025
31811 2832
41938 6924
31253 1938
53206 34890
60065 24374
29126 3058
65426 49747
47083 37444
58557 13613
50020 18620
85612 69742
83283 60066
74252 71263
71923 46294
67561 55004
56701 39686
28840 22428
42560 39309
13488 11436
47998 9531
71971 53586
72297 23805
55742 34192
68118 26204
62933 32108
28680 13880
54614 42671
73818 45149
47787 22786
86097 70880
83867 55029
29082 27812
62892 35428
45830 30048
56190 34525
63290 59908
34391 17954
64762 58080
29898 5509
69454 38079
87077 62106
62811 31032
86909 65538
88343 64551
45860 11797
11952 2600
55794 39049
17156 15440
24722 12973
70801 25849
48249 26070
67765 18834
38104 37166
39191 4192
60946 35567
72156 53002
61807 49407
37108 34972
7814 2289
51271 6643
86194 70396
71444 70609
75231 69266
42983 41459
80081 78654
48082 20674
58288 55657
21667 3039
55397 10660
76413 50981
31895 1010
56526 48047
64309 40375
84593 57112
50862 44651
70446 33758
19796 6340
31735 10482
53274 32194
38845 7332
68105 54385
18857 7696
88216 74823
64588 51877
38295 4774
69436 21576
82760 61503
49179 43845
31258 23141
79204 67116
70349 63922
81255 47991
61349 53220
89451 48801
69443 69184
80577 34602
62554 47236
41589 36469
16006 2949
72441 54490
70528 61774
44756 43962
61493 49929
78294 59935
69836 43237
83942 78542
18897 9885
71839 39543
82993 49752
47826 46809
35377 17926
77133 39231
89737 69382
53670 10175
64385 23183
71201 31518
49497 48030
47479 39090
36016 14628
82201 53477
82478 80810
21553 7109
76355 58709
28107 22782
67402 47905
78899 66191
71329 58854
25002 22656
45081 20542
75783 52168
20512 4629
58446 39984
56747 40835
82312 78405
59222 49171
84052 40457
81816 81681
14775 10565
19900 10646
80119 59704
63583 44745
63725 47118
49261 41149
68727 41775
72839 58189
41563 38160
30875 7472
70786 54245
60774 54211
25747 22151
37106 2344
55251 40542
76278 63536
48315 21338
42136 21212
79191 43697
37143 22824
40349 22469
29362 13971
54052 27844
33607 15493
39311 16276
57706 49879
47949 9885
48702 24487
67738 41474
52206 11653
86316 61792
71527 65479
33766 13708
13266 846
78884 51528
64368 61605
87949 55782
85266 76266
13609 8821
58154 14782
60737 59915
15493 9875
50004 26435
44594 41243
63917 28954
25511 6315
67875 39229
74216 50409
84660 44158
79223 63258
40119 9686
89719 48293
17029 12658
36327 11256
55277 42514
31999 30819
87429 62582
57695 20501
73877 48211
47235 3461
38282 8543
81449 73745
70609 50148
34268 32215
68329 40103
69743 44204
77369 64743
21902 16143
57059 10483
55464 29070
89118 39781
54802 7817
56878 23236
33918 19893
32208 5019
54006 28912
47188 40030
81187 53381
60401 45238
77519 56918
83062 77280
62754 20992
74348 50230
26490 4882
47243 753
86444 85685
41122 31913
64094 49872
11632 9584
82576 42418
87290 53388
75067 67470
69347 68196
69119 30617
42258 28672
73732 34610
50985 25702
37734 4502
58157 52402
30082 26310
25499 19759
81454 56299
47910 22455
7561 5841
45470 28177
88234 71821
65999 53169
82633 56771
53450 24795
16071 10491
85459 83919
77378 37935
55845 41590
21316 5623
71698 46100
17245 10151
62514 25396
51958 26357
82402 47620
19300 13785
84362 40545
81499 64834
79690 71614
43303 9868
29340 18346
78942 68709
62400 60318
70676 38643
68849 26864
24121 23793
88814 84280
88900 45815
36546 5016
60634 56003
84635 82747
75183 30140
85264 35647
81855 50424
48489 24763
73071 62382
82778 73916
44101 20578
56968 50481
79586 60916
59912 45956
52837 28753
70847 34282
64600 39958
38627 8577
86135 74313
76628 32816
42166 36513
86097 74143
88863 62616
72762 38352
76191 52205
61322 47171
89862 56646
50383 36667
50969 4029
22958 15742
51178 7107
66584 25298
57153 20734
86824 53038
77226 72937
37664 16824
54743 21188
27189 25207
64772 51633
77188 75982
34553 21883
49136 34850
52560 35009
70019 30671
54612 49878
76407 49671
70509 28267
81678 80068
44069 31811
62228 14759
10069 6437
51940 49229
63646 47935
72542 41150
58365 11494
83234 52313
33265 11973
22888 12971
54078 45643
32075 13039
82255 59929
70373 58770
81381 35642
29684 4333
21175 17027
70382 64665
36434 4238
64137 21719
62548 38495
46523 41130
54466 28361
46710 19962
89419 42421
45919 38400
57611 51265
56398 16930
89759 46092
69296 67374
75265 39387
26168 24866
34803 10562
42406 35918
50105 7460
24965 6858
18348 16236
30451 16795
10352 398
49105 37163
49509 1613
61719 41129
49834 45450
67819 31343
72957 28055
34171 28571
31924 26022
88501 82773
63483 54919
78645 75830
33612 20991
27781 14856
39488 12210
48980 12454
57712 42266
87918 41181
68014 62545
36669 35904
54261 46625
64973 54898
50179 44756
46638 22765
88626 55629
70446 57826
47432 6946
31195 16364
86404 47619
47968 21244
85694 62539
89355 73441
59967 14389
15808 5084
81141 77545
22586 16479
50581 36188
5700 1947
52671 21114
89323 74714
52572 3212
23963 7777
63585 45473
78205 53216
60094 35638
23074 16323
64202 46161
71114 31537
37650 20798
18385 15113
69269 26564
86906 74523
76179 60725
10051 2654
37211 12666
44311 1762
53231 6096
54246 52618
55993 20878
67312 37314
72918 29372
41019 27545
53651 30046
79899 40992
80919 64367
75630 52296
55823 14664
79336 55280
53158 40577
70999 21908
40256 25393
81547 52024
37386 10707
33610 18487
33546 15428
70252 37909
80353 66179
88307 47632
39642 15362
77113 29841
59213 53440
71763 40282
66787 35809
85887 70269
55249 17696
35747 32075
69584 47820
71011 29153
28969 949
40170 16862
84275 67249
56043 32410
65759 31400
47862 27321
13197 1910
33175 29800
81985 66595
85145 77848
55959 52225
85150 43283
66643 17336
44070 21511
56277 27677
89549 48758
58953 23717
53864 24914
52018 48157
35819 13668
77074 37769
82603 76631
68904 31176
17941 6037
59161 34635
20875 457
71946 59503
84221 61290
89091 46341
50067 8291
67842 51794
54735 35228
54688 44240
62373 17002
60294 55010
43266 2377
74221 28740
70940 36059
78990 74875
89267 63567
38338 4866
66111 66045
69020 56236
77332 67366
86589 58457
45446 28987
26848 17408
49595 17160
58895 43544
89155 75720
73176 42702
60103 33822
39248 2539
80326 79899
57482 32683
33448 29656
37563 34566
61060 48425
23388 4037
86031 53533
54446 4541
17322 12301
50966 27499
66999 54418
43481 42772
15032 1460
55275 40063
32548 2104
38727 4987
70772 60148
33677 18027
67135 37780
53589 31330
32630 28739
73523 59741
57300 33866
50610 1863
73633 48569
68405 25106
25288 23842
58100 19604
85441 54657
20859 3851
83097 50912
86185 57372
81453 76841
55220 47898
66190 29101
19701 1948
20907 4481
52712 27294
7888 2147
56594 55429
39790 18070
81262 79252
89330 59044
86963 48982
89655 51181
87758 55507
31685 30828
64931 18606
65312 62642
63592 41330
32518 3713
61097 59673
74994 31724
86943 72548
52604 9393
71928 62834
66018 56816
85630 64376
69141 40469
44992 5880
88757 40191
85386 81694
88905 81493
6178 5645
63119 52643
72046 26933
33437 20726
67728 50721
72501 32795
37584 34938
39478 10858
37557 10770
39582 30386
55413 14267
28397 7930
11435 9101
55045 8098
70648 65987
42474 25747
82453 34260
58212 49636
33277 2783
82624 68466
34753 25282
17186 13612
30024 24342
87579 69079
81253 63615
52251 51262
65950 27342
53880 35700
39977 27804
44340 1
10411 3418
51612 38472
88854 78455
61617 15767
29273 336
56223 46639
33448 14188
72374 61792
84847 56511
74884 60303
46458 18245
82693 45900
29661 27103
42869 35725
85067 43863
40387 19855
57995 37063
61686 34978
18262 15258
86744 68729
70656 43519
71861 36319
82248 64957
69338 54285
47404 41448
69584 32406
39099 37584
63992 36359
71930 52772
39226 12399
10116 7925
78881 67896
69537 33910
51559 43796
71357 51623
61333 34615
41668 20691
5389 1681
56154 43250
78469 75895
57816 40103
58371 24767
27252 5912
40637 5885
37204 35705
74979 38457
30116 20413
28036 12684
66367 51777
69378 62892
72641 43163
21737 19061
67722 28981
75698 49028
89938 60590
81934 63605
32019 24970
64650 61932
63004 50826
81778 79620
57892 17102
69288 24070
42055 3962
85336 81312
72502 47950
35823 4317
74723 42366
56524 21564
52326 5645
66708 51792
81275 67152
83053 45360
33450 17270
38969 733
53237 8448
64985 59767
5050 4216
61263 14511
45288 12073
86340 71394
43404 1721
10053 1601
87109 56612
85936 55909
46045 4970
27166 12744
67380 20994
71143 40486
83286 49169
70768 40250
59259 41598
60663 34957
86324 41125
53559 25537
58928 49396
78098 70541
48266 36958
89201 81380
89633 64398
51784 47949
41605 21707
59307 30349
16180 11784
16971 13896
38465 22086
48784 39072
21921 5473
87678 57738
72894 48907
77658 37334
55683 28260
67905 44363
68947 57402
83569 45566
75579 69090
85902 81076
61803 45102
32628 1122
45740 34267
27060 5252
9284 3388
58082 30766
65404 24024
50132 23097
20817 19988
48296 38934
59611 59123
86622 52021
28035 5062
17720 2884
64816 37280
81448 46764
60371 35864
62668 51549
80542 62697
23622 16483
51034 15656
46399 33711
19292 4137
61002 13537
67639 59533
29359 7497
36940 23005
34833 13201
78277 32581
62970 56182
57311 46383
79162 71995
85814 64657
16362 7236
72818 47681
57304 17068
74355 60135
36745 33753
39095 18022
36078 35585
88797 86553
30774 27624
42861 21709
75380 53023
81057 49105
43541 10165
75273 56620
44615 6547
51544 20784
57068 38762
54443 45257
59512 16249
33217 11491
78183 53958
36597 34137
24975 2101
60985 13792
58220 44375
57190 22239
43490 27930
48353 13875
39377 19759
53985 48425
69669 59799
15587 9391
43622 10230
16540 15562
82033 77281
43774 30125
82284 50350
50082 10389
84166 80712
31485 1472
45951 28101
58501 51514
54936 53320
75737 58446
59512 29083
19014 18822
19390 1486
89005 79927
77647 38390
86064 53558
88863 50510
58198 26798
24095 18891
61848 29043
37730 28795
61704 24845
87702 75948
29937 9365
55900 42388
56398 34151
65419 50123
29519 6032
65585 54966
86133 81933
39191 16139
61687 29634
68499 30572
39412 22748
43405 41685
27031 4787
84252 55600
51989 2269
48944 40786
68491 28966
60479 49756
27954 10743
36226 16334
70875 26420
89178 45340
53186 12469
51170 22908
31257 22094
43946 31775
52413 51719
47398 2295
61624 51141
73702 48887
65098 61127
40968 40726
67020 24490
31087 4367
88918 57059
38638 36508
33204 9347
57831 20438
70791 70606
31682 30142
51754 7100
34449 2409
60485 48439
32944 7980
49476 20542
43913 24791
59916 10780
61585 32928
64546 50415
75200 40700
46412 556
83091 57089
33453 26818
21643 11253
82271 65613
39081 10004
74800 39351
19916 19649
81764 69234
32023 3411
9010 3984
40711 12120
38183 29063
43928 8073
69918 44860
51434 30651
83668 52538
48950 46697
31505 5815
21005 17509
28809 21853
64557 46880
42349 24107
63215 36835
42909 17049
58094 42516
25559 4313
65356 20139
78348 58206
17036 3668
81834 46170
75140 32568
56539 22199
14678 13698
30268 13798
89714 63601
29732 29721
72425 68535
39600 1724
14119 13927
32280 10564
54312 36601
79156 49813
71961 42690
65652 53657
66157 60264
45268 20534
88093 51807
81906 51933
73703 29745
89502 51994
86800 43501
38200 27303
62519 15698
74112 37778
70574 53098
22282 12041
76127 40795
64754 46771
61162 58773
56766 22864
35276 16051
63868 35127
52277 42202
61875 40943
69338 65143
63282 62628
72417 46354
67128 37132
69014 49210
75253 63588
88117 49781
50652 24098
3559 3335
76786 47047
60611 14694
63972 44154
67309 48465
23379 13295
50878 27566
32323 11465
44296 12561
54958 33847
29609 1771
62121 18673
81014 74494
27947 15961
44050 22248
14354 7745
66565 37742
88657 52626
62449 62311
89324 41837
72313 50081
22492 13914
71785 47534
74035 59024
46894 14746
81783 40870
5217 625
61536 34005
45490 39494
84245 78340
41470 35924
86443 80296
63927 39520
80963 52129
31495 11586
26113 23272
54830 47590
24197 10156
26913 6963
53797 4342
37940 34753
82393 56374
42958 41814
40600 24235
82715 80314
47909 5261
69891 66917
67738 30695
41298 27648
60751 25197
46161 29804
72222 38035
56389 38196
46007 23451
84818 43562
66964 29644
56409 6601
37213 23587
41676 26873
77956 28323
26043 25453
51621 26335
75830 31911
71690 22211
32636 18078
40858 2005
57334 35330
89488 75443
32177 26804
41399 15537
58432 19280
15210 9331
66439 28298
63612 56053
81725 50269
69571 28437
29672 6207
58078 37011
12475 5719
73225 58417
86239 83061
56572 30070
35800 9209
89055 45698
65427 46666
71732 37706
71044 27049
76093 30889
51027 38492
74723 53476
74843 67087
11204 2974
65117 32144
47645 26178
74910 35384
34826 30459
69237 38022
82767 37103
42211 24078
49265 4716
30896 1403
31218 633
44286 37767
84272 68636
71179 36100
86970 69836
59868 14345
56184 28947
57363 53007
71548 69013
82606 36524
63776 48476
63177 15593
46419 6922
75961 61043
41460 19289
24157 22780
86631 77026
78046 61253
45831 44989
35766 25146
35697 3384
50081 19774
61125 30606
75343 63306
23427 15443
65420 25632
29041 14455
22451 4481
37879 2488
48082 34389
27060 17696
50490 46873
47670 23150
63613 54088
43483 4266
84386 79302
54330 50867
40229 20846
65165 35818
66969 63221
8424 3727
85166 79409
56175 48262
28966 2696
27837 25338
25521 19852
65300 27774
54065 34221
33456 28080
50260 23194
47825 43425
24290 23365
24392 3914
85469 50458
86584 80337
60181 37440
60710 58824
48807 7153
87529 81035
67949 58139
62584 61314
79170 51491
71132 40021
45799 30972
62308 35406
83338 56879
62137 61305
76174 57970
46726 14592
43220 12815
80283 78476
61735 28158
70933 57999
80814 58544
41287 3533
54892 46596
41865 14518
66279 40913
64642 17836
74776 53436
66214 48532
51944 34243
55196 33145
89217 42075
20025 12335
86676 72460
57303 22366
80473 49341
32459 3116
51108 40438
64081 26140
77779 59628
52332 49015
66866 43306
38997 6565
50626 13114
49921 35182
34643 8246
54248 8412
81185 77368
82291 55002
13037 2688
74593 57169
74400 62492
59151 26610
32004 19616
81490 72186
47545 5015
28564 25384
56955 11626
79237 61320
88788 82020
10172 8747
84425 57543
63028 46445
83391 40792
62890 21334
80812 78467
72249 27731
36711 31966
31877 13933
89846 74488
52626 41652
64516 30172
22146 10536
57917 37300
58268 16462
64316 42655
88247 55376
62520 16200
52763 22166
59878 14739
56492 19143
70667 66051
34134 2124
56960 10104
51526 4246
23750 11627
51452 16440
67181 42591
50555 32385
23249 19725
24846 23426
52779 46738
54040 21627
83276 46815
81348 71249
15295 13273
61696 17907
66696 36126
65781 50545
41430 40755
62441 39970
74986 63939
49642 1828
74190 42163
48275 34362
37641 1586
63756 45127
53458 36799
41292 39325
19745 19634
61617 49915
84031 41443
47847 29471
8872 8663
56368 40799
72855 56389
89812 66437
22542 4105
63202 16246
74184 34841
58543 33691
36989 34541
43371 4982
72671 42949
29371 8301
48610 23961
60393 27294
46520 12342
69612 39846
20943 1929
78687 76979
83988 45902
63130 44555
9074 3005
52641 31483
56351 20306
59167 53433
56530 19590
39847 10201
78918 45588
87112 43307
56756 39268
48478 34135
82628 38080
65324 25749
77739 39973
86325 77840
83264 47183
73796 45759
45489 40145
70347 21040
89534 64975
38602 18621
28028 3487
63101 31861
52259 32963
51692 17896
46525 5391
86232 47260
24084 11035
62984 19424
72615 38007
58675 10343
28838 4168
25627 10749
74494 66701
80833 54746
47147 1870
46772 27739
44644 22204
85751 48600
51702 46586
24544 18116
43010 42546
65887 32169
77640 69150
52902 12950
70513 47661
47460 28858
48726 19128
54473 32393
42236 27049
29673 24129
89817 50741
11622 1930
79248 46491
53704 29754
56793 53513
41045 31831
63620 56447
4239 711
51545 3764
84320 71646
65279 64545
32782 5676
84639 77593
18588 14128
48872 8540
41433 7015
81951 67471
43031 9144
35898 4039
7900 775
24891 21456
89191 67577
48751 11869
51359 5170
39306 18797
83978 70151
49852 23923
29516 8313
82199 50721
39513 22294
84701 56046
58204 35724
34568 2711
85603 48460
86228 65004
54862 8782
73815 71856
49900 6638
27868 27680
36973 5711
37610 11164
84767 78135
55380 21173
24818 14949
34549 20775
48079 17877
27138 13989
78303 41439
69730 31329
57342 42207
80320 39003
60466 18912
33212 16364
41937 5026
68585 29462
77745 57673
71689 35790
44126 32718
69264 49431
35775 23739
66854 33417
30307 13410
53034 36579
16121 13279
17307 115
53439 26765
70529 30123
42580 39976
57237 42796
26360 18378
36991 17260
63816 20127
83051 43065
65374 45348
85892 36961
52411 35107
43260 17435
55114 27271
62508 48804
13248 6268
66735 23220
60426 18614
51587 8732
27580 19087
60202 10301
26000 5437
23540 15160
20360 13905
40340 26776
73744 63289
55955 49644
12801 3798
13365 2926
20843 1986
21995 19689
66215 34931
33303 15286
58477 44988
59212 21758
52080 9909
33904 10571
61162 29299
85485 50787
57988 41804
86485 61531
4600 2624
70999 22691
81545 48159
75405 73446
47787 36945
73139 64375
10456 2704
19678 1052
47818 29402
70290 50913
35944 22717
39071 32536
45151 43472
55602 18779
38407 24707
72412 45175
52898 37704
34364 32601
7210 5042
15828 266
42636 34032
38598 2124
63564 57709
21300 4650
71366 66145
74869 34315
86989 67401
18209 8791
80371 67793
48822 46750
86372 52318
61765 40510
51270 3881
53803 20614
60047 38098
68386 19739
58776 38072
26186 3922
53331 47226
57981 15721
80657 32332
55228 29619
50301 10377
73056 25077
58898 56692
62184 30500
2918 580
41462 13120
31037 1701
56587 36656
65721 59413
81959 60315
63213 48823
23995 21752
59946 38544
49824 36418
65930 36608
43856 16274
59888 42588
40740 13344
35384 26245
34867 10914
60510 40412
80158 42413
70952 53080
28957 5887
48644 8675
62702 57658
80979 36207
88534 62229
62992 22582
43507 7826
45687 19752
21157 4606
59107 48433
29768 27161
81341 49760
79423 64643
83812 45064
54937 26398
67236 44165
39453 12952
40049 20929
55970 8443
27395 13376
56650 7071
77278 66495
82706 76122
45808 30115
68194 64414
52482 26812
81721 36003
52644 35812
49360 40748
82601 72143
53179 44416
27979 20142
38895 60
84750 79694
12004 3736
31472 23175
72160 41236
28540 15546
74265 39680
31811 14412
70423 41342
69530 32144
68471 47474
69157 27927
69384 51475
34635 23155
55137 10818
79512 30350
79236 72135
79612 59743
21554 8109
30902 28170
65916 46472
63319 57020
73677 41381
54088 23476
85233 57513
54973 31330
59692 34002
76389 62962
25042 15091
69629 44883
31486 6387
60787 16399
32235 9898
17515 15017
50429 49381
86276 72605
85333 69958
85345 51684
12823 2169
48330 13201
76856 53872
80030 71798
67421 26047
79471 57961
46997 35946
52572 2852
67390 40076
42368 30121
10912 724
62460 39322
72992 71700
60429 55250
78868 33107
51392 31762
63921 49541
12578 3614
49673 44643
50143 11796
80553 75845
58885 55120
67819 52159
75078 52990
89647 72642
75115 37307
24032 16921
53990 45298
7870 6317
53135 33275
18602 8236
49981 41203
69480 60779
44205 19790
78336 58116
68704 64486
87262 73307
52126 32037
44844 29447
78986 43337
56021 31506
39591 39188
62641 61359
43768 38804
55340 31109
75831 46514
78655 54956
65270 34491
70912 54587
66843 21621
48268 42524
87747 75038
30148 9017
47894 8875
81284 73597
28815 14082
69455 57840
15503 15454
77159 28541
51896 45606
13676 2027
12294 4899
42889 34236
53935 34677
29317 12799
64390 47548
76177 63194
53337 20275
70000 45899
76393 73469
33218 25999
47230 13197
60342 13826
43394 26004
74003 63249
35441 25702
77825 44089
47681 45697
39445 4557
28822 15865
60804 38461
52484 36352
45855 5406
33153 3343
79166 37594
18467 5041
10990 6736
23381 9597
43372 19455
88193 83145
66361 48794
54026 24996
55762 31886
46754 34176
39108 32155
50648 10107
72056 41803
56435 52521
59908 41163
87306 76492
64318 63638
38934 15348
34720 28596
86530 61397
75000 55178
63217 26347
69272 54293
69406 47229
38285 36238
47410 6202
77642 36338
28245 11738
86669 54198
7274 1347
55558 15506
65894 19062
82119 44957
81843 57732
27871 9321
47528 30942
80538 68764
19420 19052
59482 21812
89922 63052
66179 23941
6673 4198
46062 10510
26607 12841
69628 67865
42923 28882
39734 15319
46066 42463
75520 42486
34442 4219
77135 48298
75583 62948
42774 41353
60422 11458
82668 37847
40917 10136
15638 4314
53903 13261
35942 9790
55076 39952
68902 25835
78948 40981
48543 8599
70279 29773
30402 27053
63122 22352
24454 15697
28106 22625
57682 43592
45321 26884
64794 25230
87621 49207
79384 50916
55186 25275
63897 49958
86274 79812
53629 34795
44275 22780
49601 9952
54328 45093
74630 52032
66351 26558
39073 6597
84862 59901
51944 15209
74218 63224
78142 39892
71728 45314
70790 52803
56900 47464
23310 371
10439 4011
63144 54979
43973 34086
80694 47194
74257 24646
73395 52265
67743 54375
89558 57368
64561 27009
73343 66539
76259 31310
85342 44821
42248 35320
29688 327
35628 5817
63244 41643
33229 26558
57188 30106
47462 15279
50385 19710
20638 1918
73727 47792
72400 63676
32347 28761
9705 784
22105 9335
17618 29
40122 11296
44280 15044
88367 42749
44999 26945
87811 58062
73880 30317
88206 80912
37686 6198
78361 37365
64444 17677
84449 48935
21042 8492
72428 47266
77235 41971
53967 50244
73661 68921
58389 54377
61428 49672
88378 75921
41910 410
41008 1344
1121 615
29792 11752
59462 56711
45443 4259
31059 17631
38137 26618
59170 57125
28789 9368
56120 51195
88057 56910
40224 32
80774 39317
84763 72814
59945 55870
69547 46526
53790 49872
89853 39989
55839 18550
33444 19629
70125 31683
70655 37823
49727 22712
79318 35499
55760 47208
62777 60372
57711 8813
17576 8242
50046 25747
80327 34129
33194 13906
43535 7885
80368 49860
35876 34080
45284 37620
70859 21187
53977 11072
70066 20597
48581 31273
60699 22923
89987 48025
80612 34789
59551 33114
86352 73642
35063 11643
80253 42072
56722 43114
88219 48300
23785 5499
40341 22012
70387 59485
67612 23707
82748 54016
77272 52202
51828 31043
63636 26563
39652 39281
32590 9902
83799 34985
66250 60741
33837 14563
56122 33300
85916 69143
66057 21325
10359 9367
33462 21518
33240 5
37692 10345
39604 31201
75542 41978
86089 63281
77915 36771
30383 25309
60131 40816
84626 42669
56380 36104
65013 47985
63336 54036
3802 1629
52164 33276
43107 7583
11860 10542
63323 13389
85209 52416
66539 18122
71555 65263
65169 25197
87252 52789
60498 34439
84056 35702
58738 54131
45422 14175
76558 63401
81887 47110
51624 15345
40151 29350
56813 7090
57591 53994
88449 46144
63634 17728
82628 44712
38377 19213
48387 46944
21152 5690
71177 51718
63145 27994
45645 23806
26847 11861
10941 6583
86323 43042
49047 26727
38451 13181
62346 41619
27316 21288
86459 41907
74762 49775
61507 20386
66158 56944
80330 39224
49219 10035
89071 86237
88510 39589
88597 79958
41446 22249
44444 38420
11660 2937
81843 58870
45997 44447
70063 63176
49829 38382
59598 52474
69934 50523
81044 42990
64750 33078
3993 462
42323 35480
38997 9730
56810 41700
81585 80650
62103 35371
41582 41358
19815 4986
49427 7701
65468 41113
72331 35067
73970 50841
54756 41287
66054 55151
33509 6436
51759 36740
22775 1500
74356 68529
41628 18423
66365 43649
51851 45660
77201 62180
66150 49071
74202 57089
58808 57214
66591 23261
31558 22159
6913 3450
85868 37040
7323 4588
53797 14301
80666 32581
80588 65874
13759 10605
36002 31816
21502 948
27700 11009
42396 38257
57831 15965
41505 7965
13995 13160
62275 25325
44794 13090
32166 13767
65507 52773
54712 17114
62418 57516
86151 68009
48622 42468
7876 2609
67440 46231
59275 12609
44525 31455
72564 39098
40536 26562
58597 57486
81801 40974
66639 29159
62179 36931
65546 55062
74139 53151
7136 2175
80612 31049
85325 36884
74832 53343
22610 16299
42387 24085
15720 5147
42933 12657
62446 43848
48277 28871
66839 61603
51924 12938
64500 19074
39154 32376
75242 59743
84417 37642
70186 41499
67100 20412
54754 12039
51182 46393
74877 74498
62431 59028
84530 69935
88433 83346
16144 13678
68723 52683
70822 36249
83866 76445
73726 62273
61025 21832
47982 4892
70963 42647
72189 31878
44817 15787
57170 28026
79148 29527
54975 48605
84229 53807
73682 44824
82054 76667
32178 12632
57675 29275
58681 31671
62966 46253
42180 25500
64669 31418
61231 59626
21375 11062
88064 76929
61970 42833
79184 40388
82562 79996
48431 8002
55577 43063
87555 72458
27684 15888
57385 41282
54248 28253
89943 43933
45971 19342
79100 49267
17529 14400
69628 50492
84929 35846
68094 51257
75668 50275
89275 76186
8792 4872
74169 39279
30798 29766
6279 2538
48415 5287
52803 27508
61627 59766
53035 42473
77453 33207
71741 48628
63558 18384
89670 81023
68933 36703
71162 32617
83723 76018
74233 67421
42002 8822
22756 14740
65140 25921
8959 1468
39508 30839
82671 53610
87487 52176
78369 30309
76886 27340
28550 7585
37646 32008
17898 15708
77995 43961
38842 24801
66351 21615
17118 4437
20050 2959
85515 50769
57490 45243
81047 61239
39367 34948
56304 53914
27611 21942
81363 61694
80671 73022
30848 27775
37683 12307
22130 4005
63543 35686
88850 79994
76457 61689
44390 31386
67674 44552
65234 58687
44530 33889
68728 34109
53854 50227
73236 68969
11651 2463
54402 22790
51613 43498
72276 27734
29966 24225
73073 58849
62664 57404
34078 33059
4846 3740
79784 42634
47558 30366
86355 70326
40929 11368
15517 4895
28722 1216
60141 59272
39794 25054
47737 26056
49809 32458
38700 35182
67516 36666
59033 32758
84960 43961
56689 46990
17030 11221
30236 5827
55433 16266
79769 47347
31772 15614
39419 37054
21660 8551
41442 24034
37563 34940
40241 15453
39829 31936
44115 8094
76037 33402
74816 41312
79170 59682
68475 36665
87577 56197
70357 37151
6529 3825
62221 13199
19156 7527
31800 28384
82766 70143
60751 32939
80221 70786
54042 12881
56550 14153
69928 66251
64866 56061
49020 13872
62272 33136
55651 14909
57861 51400
84613 55622
53355 23372
80858 36615
48837 3856
60868 60478
64410 40632
89997 83328
62690 53721
42404 3688
46343 22008
82404 76321
27391 13014
81756 61890
76971 44252
30819 4287
80471 60931
28133 19494
64769 37295
59939 59754
50723 30462
10383 8965
77906 40459
41905 5310
48825 18112
76193 74084
29190 17818
18612 13207
82374 32849
6498 597
55577 16301
88679 73602
56490 8639
35733 34322
32307 803
84547 46408
83899 81630
82048 41434
66918 50441
28726 25616
79989 56801
34708 23119
74841 44972
1807 1022
27809 3208
60645 18653
29968 16883
49263 45046
29834 28775
29052 496
78335 34906
65789 18974
89693 73051
88297 56885
27442 8375
61870 23283
10842 6199
19479 6065
65289 28074
50714 41298
87302 80081
15780 14639
58823 49379
80038 71282
50755 42196
22108 537
79259 70846
29942 25039
24594 3792
89592 86318
43037 2177
57540 41137
88938 59580
61481 20806
44941 35835
67457 31686
60098 29365
35110 727
34040 6783
69409 59213
84762 40045
29004 2762
57678 32287
29791 19306
55259 28691
43757 1868
51294 12769
81911 61770
57422 37024
55472 48902
66737 36966
11388 7339
23654 12843
22530 17664
81266 58157
41159 33225
27262 19736
57057 9726
25525 21861
46563 30820
79384 51762
19903 3004
52884 9687
41647 2016
58274 28369
18992 13846
69746 32838
43214 15413
73659 27412
53332 49903
48457 7726
35422 24193
85048 66966
75195 29351
39876 22798
43309 34140
55471 50762
33737 3890
80095 50210
83066 47080
68811 36850
77248 35855
58230 44980
83963 74912
44918 27074
57778 53319
82445 49299
87892 58361
58435 33332
76771 70912
78032 45114
39521 2915
58982 21401
15375 2549
78209 46383
64414 22068
26152 7948
67450 66176
34132 23466
56063 41460
72925 53861
79278 46073
52782 31694
52300 41977
67859 32192
33327 6070
69625 21623
69335 35538
88874 79832
84110 51052
62052 46710
51527 23721
71301 65803
45109 14127
44531 17878
84075 83117
21152 19022
45940 15718
41892 27441
30472 27043
74002 40106
44679 28974
30700 1493
5967 5037
86896 67611
86221 45039
22213 12536
68976 57797
88062 73292
85853 62600
51927 16403
69062 19082
43330 15092
65337 60103
44009 21242
82778 68968
67917 38413
80666 58749
43243 5041
17430 3955
67146 54043
54320 25985
71809 43888
24944 21104
51984 47947
61581 37146
39060 19209
76074 62148
64264 31058
85277 78695
53988 44908
59541 43910
46421 40675
39939 17990
68525 36127
87606 63296
73065 49889
74627 41010
47274 21427
33985 247
66761 31537
52842 40243
67502 56355
85817 54001
68556 53351
52385 32836
18072 11724
76663 28783
56356 24567
84613 37639
34655 9699
84742 59436
49927 47947
63964 19493
69463 29399
76219 67251
16034 8936
46054 37959
76433 46650
82347 63622
38607 13089
65500 16479
32089 24878
64106 48415
72630 68351
88147 60232
23887 3561
51081 41891
54469 13087
37858 17424
64531 58278
16212 4301
64947 20273
11678 8685
79616 50591
82683 58864
61731 60290
51009 45034
84605 67198
69261 38916
68070 65288
44673 1175
39925 21986
22215 17058
64482 31612
63213 26308
72611 70737
21201 8354
41912 37568
72400 33785
61309 53372
23624 9040
85360 63269
38459 3573
84507 46231
9807 703
81093 43362
71427 46744
76516 46911
76017 27773
80617 44954
88895 66042
64672 31724
78325 48654
67437 62254
41135 20274
88231 75170
16461 8694
10819 6985
20011 1117
69276 30687
76682 54107
45391 8714
63105 55688
63329 46702
54278 31285
53936 47765
62125 13952
78103 36236
71817 53880
73859 55437
40232 14262
61998 61706
81592 73982
81853 46435
59624 23349
64446 18637
71259 51001
67394 47543
60630 28274
64058 60305
65855 18139
84419 61633
65024 17189
39272 11029
36336 34175
73064 32167
69915 55273
32976 22470
47468 36444
69386 19424
69913 41435
67768 22126
51247 7465
63278 58433
62881 34959
47550 29308
71187 69912
88234 46800
81890 37297
56150 28518
43036 37280
87606 44789
3371 344
48241 20742
43879 34782
44977 43460
10198 7631
44577 29342
26452 19082
56647 13904
44230 30365
50194 31405
45796 13802
65311 64547
51886 40662
30688 26202
82635 59084
39803 28882
31395 1644
68057 32004
49752 32097
34388 23172
47527 34271
63935 53131
11532 5805
70038 22445
13461 3094
72016 25033
87457 60246
87941 38629
49826 1387
48328 18462
27067 4878
89444 59937
75153 34216
47912 19290
40783 9317
32351 2171
80430 32399
60491 44463
34231 3808
73311 54478
52289 43777
44099 13922
26764 7343
41850 1131
4956 1738
43874 14139
64439 60903
78584 31831
63694 51357
81849 51414
45251 13161
69559 35746
55204 45299
55965 13523
66831 30869
71333 45437
86063 44516
75796 59192
84067 63210
58054 24589
66305 58682
50796 48255
76304 34234
70705 42633
15011 5424
84914 53131
55261 30818
48778 35671
88831 39561
87198 73591
83830 43518
57191 12403
47688 19336
38658 7562
13147 8669
48298 45039
63786 63721
69955 68896
24034 13013
61857 39255
31424 21380
43695 28645
74696 61172
70902 46751
71101 35996
74649 27614
39399 24277
33413 14895
24557 2074
86226 77793
81338 68264
52865 3952
37663 7975
71857 43534
20099 2803
69404 34913
77930 59088
60276 29022
89245 78208
47643 16743
58055 53591
75180 38449
36967 21323
47214 11279
57430 20417
57274 31875
45175 42329
57064 56162
88462 72358
32291 22013
31073 17722
64236 22947
76535 69585
38648 3862
74685 48015
13440 5703
62099 37852
54951 54093
55007 28202
66934 56252
89858 82920
51295 22859
66991 53576
21630 15968
27365 18397
83501 53166
43343 42418
84829 44658
26472 9529
74229 46730
82861 61841
53008 46459
48715 7957
67085 47491
66855 63106
81807 40951
74657 58652
34877 6282
85805 44013
80179 58079
52790 44167
56005 12723
78121 51626
85225 82646
72301 54406
62960 58566
85363 62845
68139 38199
82802 55211
71267 57760
50536 38475
30812 4500
51197 27844
45750 1034
81533 57720
54615 50203
67435 45973
40301 27296
61800 40146
43699 34986
57963 19088
53350 27059
56165 34056
16345 13489
15430 7113
83398 53523
85311 44498
75123 49550
77153 47155
56935 13820
41276 40508
19257 12841
53349 10478
23425 10686
79946 50057
77394 46718
89329 39905
33240 22503
49859 38413
30769 18731
49999 25796
69391 55691
42981 21975
19245 18708
81995 51851
22368 21873
27766 859
89314 85132
63062 15369
88451 63753
44949 17327
67376 19072
44246 23162
24431 9583
56424 7781
69367 24476
68263 35182
12322 9273
85896 79134
84964 37366
86030 82686
11517 404
67944 40109
39183 8826
35122 220
71796 39666
5391 4300
87605 49520
51470 42371
76922 37602
38340 13196
11283 6658
59293 29721
43750 41673
45756 33916
61106 32584
80521 74585
51493 19389
89415 52312
34839 11780
26239 18253
58346 51274
54726 14125
47429 45496
49495 8103
68138 42432
53611 44671
78250 58163
73060 27265
15470 1317
57758 39672
68797 65845
63376 44863
56948 28804
45885 45174
44912 14243
88763 69910
89456 58042
41123 11221
88841 73839
37552 8620
33825 22916
53503 19771
81869 76830
27454 1077
79127 37154
74746 66339
25692 1765
40131 8552
54749 27711
48490 4519
44388 18766
77459 51973
88558 59984
26528 5114
51966 36317
83622 36742
75538 60804
87558 49390
65965 54465
84240 64207
88634 59740
68538 67228
62623 47293
62409 38770
51396 50389
38197 11390
11209 9367
46469 3022
69571 31049
6848 4045
49784 32601
58718 23883
20544 7206
85660 46347
83049 82650
59259 57726
61728 52794
28133 7156
42363 29398
62620 53949
55743 42906
43574 24211
56660 30448
29490 339
13844 10564
52468 26019
29977 20270
55627 37824
58667 43843
82047 72505
23023 8619
73525 63823
46858 9867
66299 59539
57284 49770
26706 9167
22797 6600
61670 18279
84390 54117
48900 11844
39511 25858
50233 44861
32923 1937
86689 56897
20071 1729
58605 21386
58494 10540
82688 77060
34533 1123
79701 44732
69868 60106
42756 13004
48080 45482
85218 64989
23163 14047
85209 70029
31554 17647
27896 19531
74682 35095
72107 43681
88536 86584
37518 3667
31919 25786
45562 26669
52353 29652
27029 19570
72529 47940
81758 68675
65370 54293
16599 13724
86915 37135
66476 25333
26432 1479
65421 38464
57119 23112
70753 60065
63139 58454
68463 65557
51333 51017
65246 63078
54909 24897
89960 54233
24204 813
65622 64151
55320 28754
30720 9670
50092 641
60549 46286
79344 59985
58065 15438
82377 68092
24766 12653
32336 12707
64710 34820
62530 26378
72292 39324
85169 55747
47701 21016
31717 23346
35832 1455
19217 5368
73103 42840
22723 10419
28355 5822
44272 32428
44197 43027
83647 56528
83523 81576
82551 61452
28226 19035
75700 64011
57907 12336
85029 48910
66505 24238
53518 53280
48096 3386
23752 12610
15009 9232
42343 36247
30702 6061
4323 2589
66643 27058
47469 13561
29705 10808
87244 40625
51973 44974
40728 993
68500 61549
24717 16279
60723 34346
73893 44578
43211 20934
78421 55848
40791 20993
59831 13317
54623 49339
27982 24871
47655 19119
67629 34530
59947 32087
44074 25350
44999 26709
60795 36643
31334 27256
78355 59884
34273 15925
33660 32037
13961 10539
66722 21434
87916 42158
74316 24325
81648 35216
68987 52931
54897 27107
7515 3969
83382 37818
20269 16429
41317 3460
58891 15771
55894 30521
47317 15891
76919 61323
12046 6254
72200 66480
33050 27076
46393 18522
29372 17431
49866 44741
83379 45492
73540 40079
51100 50175
38660 1561
53367 23381
51122 36360
33630 25236
61931 34001
47629 27455
54946 36710
40799 16866
12181 9496
47710 16575
80416 53132
57344 35324
77538 59138
42461 40565
49203 3743
33535 2677
57472 49163
84435 55649
70983 45405
80050 35715
18482 1533
68116 55206
59213 57140
67900 31405
36433 29359
78918 53748
11410 7093
33556 1866
84804 36752
89549 64423
66702 53510
79706 45915
40109 5068
86400 80948
63106 18020
37539 24557
89334 54497
59618 12938
83133 50650
60965 44866
75849 26870
84190 60504
27234 5791
51663 36554
78242 77707
61872 13826
24555 13798
70600 31202
78022 44331
22782 1843
74401 45313
73425 59774
57750 25337
45051 14696
46998 22880
61540 32361
55872 32458
53225 48752
56996 18094
44498 9399
39842 29754
69359 53414
55615 34561
42892 19270
18520 12480
88100 78063
28320 13557
59108 16901
77264 55994
26258 9965
83700 56388
72878 32758
55733 51357
47610 35102
68303 27106
72554 61177
64522 25380
71975 29789
59321 37992
27017 11259
46731 41423
89544 50976
71985 68044
87975 60243
87683 86995
65949 36096
19148 2518
46076 2774
52792 33082
70685 23388
28987 2132
55912 25089
54738 30446
61025 56096
26403 19767
23625 20744
73560 69932
15317 4162
89027 53542
69194 65783
54552 14410
44124 23629
67867 40708
69406 65976
32066 14350
69438 66234
68579 24839
58234 17669
35506 7469
57378 13178
37584 29946
42043 23943
89640 87188
21494 1708
80532 46551
52210 44092
53690 6193
46016 2989
49164 40808
87096 46539
46252 39443
26189 20965
55054 53062
80248 38114
87606 77333
44207 17670
19218 9567
24622 10616
42476 36833
49387 6607
75529 40149
75310 49719
34405 33022
89026 47982
71988 60398
85384 37896
83514 45716
35771 28295
51821 38002
89271 45940
84512 79052
50220 47049
69050 47290
79471 29960
49803 6897
72092 41788
49719 28865
55229 25993
61922 33815
70248 28740
82627 50157
38873 12670
85223 54381
42987 7854
44976 33649
68650 44374
53144 34253
81907 49868
67387 52371
35654 5868
48060 14375
17480 14246
49336 29952
50834 950
78438 61178
53168 10099
49936 27801
43287 34325
45816 19944
56130 22456
47527 37122
66266 48609
35110 16590
46177 34196
21086 555
44330 24430
60298 53696
45485 18963
60300 12317
50386 14025
49218 34000
68691 35072
77820 66101
40842 26805
55300 30893
66223 53418
39364 35186
69782 43405
75281 30869
54212 21107
51082 20695
49305 26326
72065 24858
75308 41545
58453 28906
81907 59289
39275 1457
72502 62420
51706 6433
50123 1484
69397 64668
62550 43750
45765 28274
64756 17859
33410 29984
84248 42424
87111 81410
44192 35713
57913 15873
63506 19665
72245 29022
89614 78441
7708 3739
54446 29075
52201 40467
83946 51415
67594 44604
64442 30211
80374 31742
29312 7633
76226 28404
70923 49037
9117 907
60645 36448
82208 47553
87192 57167
37349 33659
55150 7788
71373 34524
44988 21706
40680 9777
62163 39386
18055 8006
66054 32562
89548 52218
80733 47373
17394 13413
22066 18605
78667 53428
60773 41105
89526 40300
74132 48487
57043 46897
77748 77084
86060 63528
20797 5199
27555 18843
57120 30569
38760 11684
31680 398
34720 12366
88921 61898
50575 29011
52812 51510
48659 33124
63346 47817
17077 12005
70700 21237
25004 21584
50457 29091
68439 54169
42255 22260
81730 45740
33861 23547
83632 74699
83636 73775
62154 37254
58603 9573
61400 50439
62142 49622
74057 45576
86288 72616
11604 7989
56861 49113
41339 7370
40772 2756
69219 19722
76800 36883
71200 53283
53259 33620
87426 65541
71870 27532
68873 64918
71020 39458
71576 32918
74084 40554
41826 3067
82479 60978
19953 11598
89936 63412
42684 8596
61198 27894
42696 40701
64131 17443
58888 39821
85476 38271
60571 53862
55359 49689
60158 36636
30993 24629
13521 9412
81555 60790
83191 39069
33541 7336
44382 39886
73346 67710
59228 17637
89242 61841
31843 24605
55085 14697
30365 22266
35270 35150
60807 53152
39028 23787
61535 41408
39895 24761
19424 3405
59547 34824
44114 33697
83256 52863
19841 1409
64152 56307
23784 8867
55091 36694
64137 63467
62891 43142
67326 52009
38103 17958
58781 28763
22046 14081
29318 3128
44254 42718
31851 1475
71281 58577
77549 41330
32728 32407
69582 32807
65674 60578
78154 46864
80515 49772
87412 48118
67641 40376
53620 25852
44795 4789
26362 20680
38579 23010
20790 8665
76038 44811
18728 16605
39976 26773
76703 54155
54095 46514
79014 77713
55119 9098
68534 21006
28561 20466
81529 79880
66082 63521
15235 404
39799 19132
36259 29991
14718 2841
8262 6373
60780 48628
19025 17073
66056 56859
31989 16038
77981 41939
44990 6975
37108 35979
43232 25425
55852 17558
70140 43379
51415 17363
74759 56013
70313 43747
89146 72278
42379 2482
27528 13337
44500 41668
69559 27442
22527 16414
81547 34361
89833 88471
70805 54514
32263 15211
33561 19361
39832 27254
88009 58758
64547 33604
81590 42829
63380 47103
89614 72530
75517 64188
78307 48760
33879 3026
77872 51249
40983 4780
51469 21178
36172 9782
53096 29933
75988 54736
81544 63664
38905 4289
51481 49453
36726 910
53365 9414
44059 28045
76514 42811
78331 72401
10086 4157
52494 16305
84239 54308
69392 54140
41030 36579
36985 32737
88054 55440
60372 16537
52674 42382
59904 19801
40156 38506
79195 59789
39136 19539
60417 14186
23438 13824
44825 53
84180 83534
84423 79504
79873 72401
64965 24120
49443 31886
30737 21157
89402 41922
67028 49473
85981 48627
9624 8412
52583 48944
45415 41631
64738 59567
64376 16804
5176 4126
78275 72663
45984 20672
46411 4570
79101 59420
35859 12606
53510 6747
40922 18275
41857 28765
89948 60319
81778 57062
84727 51311
41066 37565
73028 31127
68586 33269
62727 12872
63831 59491
43205 28122
43135 13143
20235 11055
36350 4995
56781 11173
85046 64905
66872 38332
69453 68936
22808 22684
65138 30418
60786 30478
47920 19695
35270 24031
86247 46591
37756 21529
36531 31727
51287 45459
21968 15930
45760 45377
50438 9095
47326 31390
55815 12656
43986 39909
49375 2362
83535 75828
35701 5702
44807 27143
75150 65782
82107 74851
59576 57805
32842 26996
81927 42213
77201 34024
79139 45489
27651 17504
71337 41725
89051 77584
41933 15112
40672 34609
46208 25289
20691 2179
86918 64692
66382 57981
71700 41401
75149 26801
31956 26226
52238 15502
83444 48615
75217 50686
76710 55016
46380 27718
16750 10535
88060 46107
37473 22204
83444 61449
80693 66100
69699 57783
45920 22142
61553 21641
52855 47834
24775 12773
25611 17358
51588 29148
46348 9626
75192 63305
56712 14512
80224 76186
88477 77383
71320 24023
76580 73085
83368 38245
40277 14547
84058 56456
10050 8483
25232 24313
56256 27245
43062 26808
47022 40251
68583 52170
72021 24638
48945 12418
78400 77657
13545 12825
39891 9332
49214 32826
86253 37602
73421 56636
76731 70072
68802 26296
59758 22632
17534 3642
15538 2390
16700 6394
84555 81140
74682 29626
55583 39762
30056 29881
12024 564
63746 49339
89071 84316
64129 31824
74099 42946
77240 68722
1917 1083
15075 8399
50595 24533
39126 31883
59395 55330
86876 48654
56989 13726
66124 40966
76124 64018
26193 22061
30466 10657
22620 15098
44002 16996
16992 2159
83503 52701
59462 56497
64824 46853
73959 30823
47899 31817
60906 56704
70739 22863
27415 23304
36381 12440
53511 36414
31582 21795
84244 49984
63709 51385
38938 16313
53784 42024
24464 21925
50647 23792
61373 48477
63817 33045
13310 10639
80692 51897
72243 59572
53258 46338
83773 75628
49120 18475
28499 21535
43583 36997
86737 77451
42267 37750
60500 58020
81769 47395
73188 34235
69559 64833
89429 84547
80850 33322
12228 6480
55317 25780
17986 10035
87114 74217
62243 27429
63697 41174
71287 50420
76202 41804
81804 66923
71324 66249
42662 42357
77115 69014
28928 14642
62681 29637
12014 4039
11944 4704
44651 24724
85053 37974
70635 33207
33810 5948
14315 11485
36897 1603
30685 9982
31211 27330
33961 2635
32281 5907
77745 59308
61812 19314
64929 31739
44576 37507
73205 37379
19164 7460
73941 62074
88527 61340
21418 13796
73020 41607
61585 48926
81651 34665
49223 14142
1606 1598
67759 18498
62003 52853
50331 43750
68843 37054
29097 21574
70552 54789
89199 44529
85215 44467
50507 38615
19429 14145
53625 16042
43660 15463
71950 61461
77948 67856
44669 15113
47485 16768
39419 4066
51139 49562
50644 15170
57587 54400
35191 15263
27963 11587
88677 40916
42319 3020
19868 8313
66631 52804
42257 18938
73433 67559
3025 2575
70838 23508
77838 32067
43051 11504
53056 43866
48916 28582
45514 8906
74613 37289
34530 10116
55229 45012
55327 16603
50709 37446
30486 28668
86886 37670
81959 46724
72443 32738
83112 48906
55836 25615
75606 56803
13701 11075
34762 11987
79002 68691
47190 3400
88663 54761
19082 14455
82071 56862
13694 7173
89757 42260
24219 17704
43984 3695
43903 23738
12422 3418
78376 65729
81275 74054
69154 19954
44168 14012
82172 57502
60811 14412
78224 55215
64721 37427
25868 17529
70362 26855
44065 8798
69655 23042
64531 48470
62066 15268
50787 14890
25752 14201
71009 64205
67751 19962
26211 23645
49500 4520
67959 48802
45044 42990
18205 11880
54181 5150
43852 28404
56099 20535
68389 34980
48915 16609
45427 40115
37107 18577
82101 48275
32882 21563
53132 38858
55875 16917
77568 76464
35661 5270
78195 51692
71592 46314
85442 44297
46075 37250
29852 22960
26981 11248
83607 42840
23289 13205
61094 43524
57627 31653
37028 25529
87874 60904
32318 28215
37282 26470
59169 51010
26412 7120
44486 19631
43955 40657
82097 67170
27708 7895
70447 29944
30471 13517
81854 49296
31869 8559
59369 47263
67822 24191
79042 55290
51668 30020
49599 47263
30470 18838
40994 36127
43348 3188
13052 2187
78273 28386
84718 74565
13564 3116
79348 51582
59303 53143
46219 17502
88875 73481
85078 50922
83721 41886
66268 39297
60948 29497
67334 38500
12107 8602
58542 22594
23991 12781
65242 30149
33616 20006
48946 32905
83169 37815
66877 28393
51569 42624
68894 54486
71221 27964
36631 1427
54078 20791
17679 11520
35385 32798
38443 20293
80929 59507
19384 15032
69171 31519
81918 78857
67341 63818
65985 55020
40303 34344
34299 15502
51040 6569
46335 20825
88575 75502
35656 29424
65099 44526
51435 24198
45044 4608
58123 52022
37759 27264
83162 56837
23934 12699
6034 2758
79019 51184
51689 48518
50409 6248
60166 26508
36794 21027
81756 73636
82952 33663
43067 25217
67750 29881
19139 18363
52913 3257
37147 17024
81050 44163
36617 3121
42119 16544
63708 33731
19057 9773
25105 370
44155 43346
15880 3656
72143 29206
70245 43242
30098 21
52360 45995
81341 50130
18115 7908
83024 67829
33025 23361
39323 1611
83361 78255
78326 35300
60385 50634
22741 10105
81324 47744
64128 56957
87762 44233
41470 22027
83990 37299
47465 26617
32392 17550
45853 31176
84786 63148
71076 41623
35637 26727
60123 13507
78009 63794
49073 7158
62264 61333
80163 47068
46184 17571
60728 22415
73921 48597
32695 4884
75346 63133
44411 35014
57876 37958
25093 2562
49101 29753
78903 62590
81895 68756
32742 3870
13395 6874
39528 3097
49145 28768
87428 58609
39205 11205
5459 1013
51245 19705
46677 21612
3354 3335
82477 35209
43714 14379
86674 83960
21400 15017
67612 63266
54349 34055
46601 27833
82305 71519
35548 23581
36605 11136
82512 38386
62043 31538
69739 37752
83201 37762
33843 7887
77870 47085
19071 3076
79387 56834
61261 33221
59536 31546
56187 52306
88438 77332
22180 21175
82467 51059
75580 45714
15322 2298
88222 84760
49542 25249
71775 56125
37894 17165
81226 70842
49823 38280
79725 61667
82090 51112
14857 5486
79706 57915
16913 5659
83326 49992
73737 59285
84041 68080
8937 4737
67042 52833
89618 64189
12027 10983
59401 31753
80339 72676
49450 46519
53000 31543
31564 4965
64699 25094
22128 20862
64309 31988
43115 8764
25468 14952
76202 32631
83792 69323
24210 1798
26176 17197
59891 14859
35737 9748
60743 41416
44146 42938
36034 14440
38168 2223
84689 45818
41164 18118
85303 82911
37443 8721
25092 11960
87551 72691
31266 6645
46871 33597
78263 31045
28805 13564
66613 44984
68022 42623
62681 37403
68606 58206
40112 37969
52562 8804
77976 55265
71500 62018
77562 48680
83859 71664
53508 44060
61223 59117
40087 16537
71001 57141
87065 44697
63835 36291
62793 12798
4356 3529
73926 30094
54763 38343
69945 61338
46429 24594
65044 20492
81586 32679
14508 9378
54974 17444
62985 44050
77791 56063
68128 44535
87636 87584
65295 37003
36907 235
85537 66340
25414 24071
60660 55731
56777 36576
87062 39396
61869 50945
73251 71814
43302 18632
61973 19370
65956 20716
56188 17398
46385 44548
78906 57917
29826 11618
71861 56565
87815 47117
67439 37840
35605 1706
57234 32958
27626 25631
76702 63974
78750 58128
44052 16009
21517 7701
82052 64615
72794 53377
43175 11678
39434 32862
72456 60008
54280 28672
75943 44033
69643 23757
63583 52356
74942 64025
40182 32979
55243 20956
85829 44798
81520 57186
49861 28148
79359 55304
80974 75896
87275 82299
63234 50329
64542 23521
49990 45860
38715 27734
50923 9113
23679 20741
59423 29114
81422 59029
89920 59152
67228 51963
88871 61506
49478 20107
61698 44123
60828 30819
83519 72372
55185 5673
82395 70085
85977 74558
57819 47985
38928 36953
78112 71616
52085 29758
18739 14895
27083 17800
64340 61512
45700 38989
39892 35616
61110 47692
54733 9033
35658 20266
55670 38618
44917 7439
26468 19193
54189 30273
41848 14537
45666 3713
24076 5136
43141 21341
81620 49876
33818 24406
58044 50085
89094 66083
75874 57271
68671 65807
50659 31167
60443 23497
78616 39926
37754 25620
59744 37634
87151 59341
57266 35574
31124 30889
89469 68789
25563 22029
40131 3017
44139 41001
39116 28328
67927 59686
56978 35111
55602 7149
71767 57211
83769 35169
82278 51976
8123 2042
79687 71879
67592 28432
83579 83136
83785 47152
46428 7993
35182 18132
77779 60508
64673 63783
13293 4376
51758 36497
75597 74447
79581 52284
53535 33163
84199 64331
69947 52692
57622 19281
60065 18046
77216 32469
40156 35128
46273 19783
31577 2059
16443 8095
78375 76237
63224 56848
23890 4688
49876 35301
52100 38747
85390 68582
39794 60
70395 20760
39327 15285
47534 24703
69958 48194
78577 30848
44446 15365
64656 29005
33234 28769
79683 56372
49881 6778
55784 47793
13235 8734
76559 61640
80628 70012
40576 6602
41811 37681
87631 63330
43254 5
34213 6681
86231 74068
70959 40626
53936 47500
86980 81166
62506 31679
27223 2782
29158 11590
37630 24998
29387 5961
55944 18164
57687 16324
67405 54735
69920 51705
37226 26047
67525 17816
54268 4784
22722 4872
59413 17437
70119 24403
50662 1635
88122 67139
73297 30927
28156 18587
55050 45295
50100 29651
52750 35326
81857 50451
8512 589
49234 6930
47334 41994
72997 44911
86585 42340
40099 28162
47313 24809
45655 31982
48379 10961
39319 2578
85234 42427
25118 7841
43702 10426
57178 46923
48227 41711
39218 29206
32888 18454
68951 55559
50519 43018
74641 66125
67843 28872
24535 8157
31111 22331
61000 60911
88065 67459
53229 5041
62522 38191
45226 40933
19564 9292
67990 23142
65456 62720
45368 30509
37284 4038
70364 27487
65115 28127
66957 42796
25868 1688
16965 5144
36462 31972
83438 42455
61495 18835
47214 8709
75536 71020
71641 62197
68920 58122
51025 16963
40385 33298
33703 27365
88111 53499
42104 3728
85064 64926
46404 45043
75513 59820
67459 42870
65059 27028
45128 28019
81876 66975
74437 53949
69321 36043
62486 50001
50123 4765
68429 21549
60730 27240
59554 31745
52825 12768
83990 44148
66854 59318
65082 15756
83357 81095
56953 44364
51058 44960
70196 41299
67026 65194
27414 24474
32371 23688
49835 46469
53476 38810
51623 26936
33631 31717
56816 12956
18183 8358
81165 43618
86706 83937
43179 27
85894 82967
29431 19856
37062 737
34768 19051
45026 6062
77986 68367
73993 36325
71506 28520
53200 30866
13957 9978
38685 9835
63046 56613
60335 52771
20353 13732
49943 44642
70090 42669
86732 63766
17190 1337
82013 65153
60054 27368
59449 26216
46255 7366
58376 57133
68933 49261
21557 2539
31878 4331
17478 6040
57209 51492
44061 12801
64472 28981
37131 15765
60009 36512
52563 39712
58706 52149
40683 14294
75960 34496
82993 63283
47684 25022
54518 41589
39569 23607
38436 33301
76529 70667
44863 37067
64759 47200
72980 61069
75417 71317
41437 13529
89155 39311
87039 59093
65642 40772
10310 2551
50146 5357
39872 18426
53035 30971
17408 5573
69400 61150
87319 48150
42510 14920
86801 54129
56634 47696
72820 61934
76991 68329
60045 46844
39657 19545
61225 20032
64698 48858
17686 1788
18472 11125
59237 34724
21197 6145
16505 7927
62234 59993
47563 33368
23036 16094
78782 35609
57146 24297
16684 8930
22034 19352
28443 6044
10028 1066
37534 20115
47734 9587
82845 77161
38696 1141
51959 17843
83091 59900
83890 75837
88431 48040
33044 24668
74597 36099
59106 17491
28986 28645
18078 9465
74411 38541
50029 23658
21125 12542
84562 83586
68247 67927
50998 42010
42283 21571
87582 46120
37058 18176
73334 27177
78310 56357
60530 30870
55039 46641
82167 46989
73213 57588
76932 57345
50267 24882
64486 43516
33530 15421
56749 38972
26501 7589
23962 16447
34848 16731
56329 8537
72852 31258
52593 46080
78858 30854
78770 49072
34797 13474
7488 4949
69508 68185
48774 40837
43513 28065
71995 22977
82198 81686
64462 25165
78752 75590
43174 37246
58239 38819
77460 40319
82183 76643
17933 2724
76280 56689
63263 15719
89994 67993
61798 19292
27144 15541
71996 47150
32101 15152
73959 34953
18742 15978
64183 18071
34696 13854
51714 12572
38426 27379
77079 56094
87999 87823
67738 34910
28178 9471
71665 65676
49943 46618
48851 31938
66641 31227
51123 41270
67042 28780
71193 44167
63584 53860
16922 5448
60306 43570
57385 47077
79069 57217
80451 44720
85687 77169
56396 42888
56300 53892
54917 37694
30581 7684
46124 19659
67110 48235
34211 20448
80459 46149
48163 7566
55067 32236
50381 49390
79231 42233
81600 75425
83236 35220
57093 37849
30549 23358
55349 47457
80417 66508
5232 3986
49028 9862
60203 55137
82017 79461
71120 69547
79940 76491
85710 59416
67909 21295
19905 1285
71499 33954
37525 7439
55629 53727
50830 24138
51593 18256
22399 20698
80575 62892
81761 37920
71481 24776
11122 3599
63665 17679
83745 57496
75855 69320
72039 63267
49007 3691
49714 43031
51172 44720
77192 49125
58950 19012
52407 17256
61504 27087
56900 21073
86899 45755
37955 19494
75977 75513
82425 38406
57818 11331
46455 32073
45712 15324
87600 39764
85232 36781
83578 37847
76496 47448
88418 64334
43644 11115
14461 1409
57883 38502
57704 22270
56206 23829
30549 7437
27481 16336
68190 38570
53007 26266
59913 35651
58268 34597
80463 73045
50000 29981
87659 51843
55171 14606
48499 21444
33750 15396
61213 54132
77107 53095
84371 65538
37162 2155
45863 24625
52498 12306
16530 13664
42255 19624
55471 25347
9574 343
45999 36400
46612 30444
9800 4393
74160 32377
41172 5002
70219 68290
57190 11441
80658 38724
47456 33393
72523 46739
68246 64057
19163 17969
58144 26806
30823 22259
42322 29270
86501 53958
52238 50937
33228 22119
76112 45437
58311 18768
72606 67579
73728 35705
30697 28332
17270 15098
45312 22383
57943 36539
80537 79213
56344 9940
74301 45614
62183 19553
72687 51007
50632 45371
15817 14480
78430 41701
39330 31266
67082 28810
40574 31556
88099 56474
57390 16969
20324 4580
65444 22300
56591 13291
75070 49325
78729 75521
80605 64944
4151 3670
38632 31289
69402 56085
75632 60473
49733 46174
43600 7968
41076 19473
49604 18663
53358 35780
67910 56653
78632 53926
29347 22439
19368 3531
67516 38134
58447 50150
54320 36120
19208 16357
47361 18572
86444 81323
70401 68091
32605 876
43876 34188
50252 25139
26492 17235
78036 59173
43665 21189
54148 48552
46713 30120
83404 75698
42980 22327
27618 14512
29151 27730
50965 20515
30310 2416
38887 8787
84001 71935
58786 16018
38714 20828
81711 70457
75844 62276
44158 492
51893 8475
51384 46673
61318 45302
60574 11014
65978 54245
42148 13809
13196 9121
39083 20768
32788 12687
80693 63065
32617 2675
59655 24979
35935 29275
83857 56551
80888 59385
56206 25839
82528 70330
62704 19227
34976 22132
61868 40127
56521 24435
62588 62060
5008 3434
87556 84116
64330 42105
38828 31325
48451 2634
57685 11577
85758 82183
69482 47648
34791 25448
70091 64062
70388 59605
69261 51475
71495 32767
28802 8367
34627 31225
72028 61684
38024 28566
88535 46371
73846 60458
60593 31359
27533 5663
83958 57912
48336 33805
87421 83835
42442 38731
21742 15793
34540 15569
18567 6135
61089 29090
88039 61455
83002 77877
73767 49748
30262 25841
45135 15919
78841 37461
89182 60441
76163 74805
72223 43584
64584 40899
70245 47961
34408 10073
52138 26027
5282 1619
75193 48708
76282 65160
25406 6268
48678 24292
59979 49140
80248 55281
19660 17648
77827 44163
36303 12075
54631 22580
82134 72497
81544 54863
42378 22055
61531 52750
71833 27745
28721 4417
64100 35075
41821 40686
80648 47854
75978 42426
48076 35843
56693 45101
34784 23438
5755 4168
52271 4160
78710 52381
14778 3522
46328 16704
72281 59297
46276 5925
64746 20615
39675 35400
54461 45950
52975 8016
55518 35901
63352 22798
9504 83
42703 7824
61271 30150
63140 22157
25421 6421
36660 10288
22542 3673
77952 34291
50384 30402
53969 42070
79638 44381
79137 59018
60125 29003
48824 16997
10930 6012
54404 31933
23962 21097
72113 49109
89215 87393
35834 34224
88217 83439
49863 43792
36732 8597
48616 16516
51157 27031
28125 27693
62802 36159
35783 22068
62458 24811
88233 38870
68088 46055
54438 21911
85948 52628
79490 63409
35196 33120
46725 33468
54761 16546
79784 77742
40068 29379
82655 39891
73487 64089
41181 475
27874 23373
66554 30071
77254 29191
40868 6252
32850 4267
51677 39226
57957 22740
47976 1292
27399 4379
59049 28514
77419 71787
41922 3848
82747 36271
71975 32733
29324 24692
3900 1136
55174 25023
59155 15460
25672 13817
80239 74114
61945 50267
31961 17912
28344 10424
38613 22922
70727 22302
71434 26097
32581 17860
65239 52166
66640 29722
78734 52142
61386 27831
43156 18144
40954 12375
73318 39283
40828 5556
61298 60754
46573 39006
58303 9438
16144 2816
87471 81975
68292 26676
59811 46903
88134 68034
69953 21995
79212 35813
49458 31241
63319 13878
33556 12933
83611 74391
67088 25051
71597 29159
55348 16869
4999 31
75100 43829
13532 7685
40302 920
39464 34634
21125 9143
19280 12050
47230 32021
28924 17276
86078 51825
79816 49503
60311 43125
21978 1380
40982 27105
77198 45309
71971 42919
13279 2354
55807 24514
66180 45464
76686 43447
56383 32393
65602 43153
25630 5603
54545 17701
39807 15327
66326 56294
61503 26670
12755 3141
57506 27584
70959 31407
87397 56760
27320 830
73773 50315
33652 31324
81628 49644
71045 57798
67971 53448
28676 9894
73773 68145
84139 42091
75487 37152
82008 43413
68250 64570
83059 44929
34988 17217
25070 13014
70505 61436
77718 44245
85542 73481
31523 5250
60469 26296
67301 56002
72014 61053
89419 63340
79782 53898
65951 34905
70791 36148
56600 33848
31381 12527
66947 30388
49404 9037
45876 22599
30793 16461
40425 14577
47001 4451
72827 43148
77274 67682
77787 64261
79284 60692
80332 32633
63210 44492
49372 41737
71888 48007
8349 1802
55975 6491
76830 46491
72451 37588
76859 65587
87815 56147
74777 73002
20805 17221
83819 41589
41099 6430
88533 75065
78106 74416
38218 5150
55297 40700
70254 52792
25738 14665
63109 37625
71487 70506
29984 5274
44972 28702
62478 35344
42112 36450
65369 53103
57074 33911
39071 29689
64415 35063
69416 49024
25999 24270
86777 84671
71414 36699
43373 28722
22791 20095
55092 9131
21995 4947
48292 5494
32889 27992
67468 44953
66504 48754
30512 25607
65455 27928
69062 20094
43210 26850
38961 20798
69710 55587
71247 42533
31790 28386
62206 21160
67029 22584
68333 33285
66747 39744
83478 80360
61555 40795
77954 61435
34997 32898
83675 44945
18535 409
55627 37677
63437 39456
27002 11297
79113 65854
84898 52666
41664 18412
61810 39569
52090 14758
70594 23897
40145 1369
42202 23761
57627 40063
70703 22597
65355 41439
55531 38850
83213 80221
59892 21004
86677 50464
60578 45602
73883 46295
77146 68092
73065 34227
57484 45314
57379 7807
57854 33503
49311 34796
59775 14687
59369 12093
62730 54488
82210 33336
79626 54758
85962 55863
62655 42382
58708 42572
23309 15831
53496 53218
68156 42090
55793 13759
39448 4861
47648 29358
77613 67293
80931 72517
60366 50173
86974 54739
80160 52558
40987 29198
49740 16382
20500 8410
86060 71296
88106 43173
89456 56666
81481 40749
47628 19720
63901 30516
84350 65629
66399 18816
71342 42473
31899 30775
71937 24958
74270 34293
63439 53484
45964 20140
86042 50533
77834 46978
35072 20459
65463 61875
88607 78854
84401 75305
84279 47072
65223 35838
60173 54335
49320 2505
21071 19971
56551 33044
21764 17250
83299 50696
53159 39128
51631 2645
58991 16818
65757 39410
45242 12846
33836 23219
8082 5046
78633 29849
88275 75465
85793 53486
51901 11438
21792 16973
35493 24731
13838 10963
82244 77253
89914 71796
39394 14244
78014 76276
80888 66682
74826 68811
62506 44744
61538 26195
26505 5163
12317 12260
78798 41691
58439 8544
64609 64250
84756 62676
81338 45675
84105 72263
76476 33115
57481 26514
9606 8591
54829 12330
55805 19109
29190 1819
78637 43098
25928 11376
30670 29274
62592 43902
49325 44471
49751 22885
54134 48966
50301 41302
65484 39545
13359 2208
41386 27794
74117 54550
44845 3606
79905 54987
60944 30043
65705 36996
32702 20490
66416 21176
47153 46303
69423 47140
29516 10914
84853 40582
29716 15103
60151 15998
79671 68319
79237 73771
52213 46859
43144 38869
28714 10753
17033 1682
55508 36474
67164 41181
61500 23792
25423 7927
47790 43142
43938 33637
52950 48665
86727 46826
68286 26060
28732 20674
35537 15210
40160 28979
12802 12022
80849 61391
73729 62747
77613 65539
76404 53690
31792 3976
88614 68777
26247 15737
75048 63724
34682 6082
12747 4293
43989 10979
56134 16556
46651 4964
53971 50249
84599 48146
53365 5169
37871 2429
22248 8109
51891 23497
53487 52964
18051 15894
85420 70990
53337 46931
15413 13582
70932 63862
23412 1460
26410 18607
20142 19042
59061 14347
70675 53070
80032 55132
67783 22508
44051 2488
38824 425
57126 37645
56249 10672
87652 64692
86945 82724
75433 50874
44135 3628
36472 18233
52304 34180
44152 2994
78754 46395
71780 34853
77253 70561
67871 33972
45820 42473
81736 66227
43915 7270
24794 15603
49068 30122
55813 14099
49726 46666
80316 60942
52325 52167
48865 21310
76765 43256
69580 36326
60767 54222
76517 68755
37794 7000
10045 1232
80253 74167
54091 46572
49294 25202
85772 62600
74288 36066
79810 58750
69100 32263
53832 47656
15974 13168
40013 23790
55365 23625
71378 41171
52477 28374
70784 56763
77288 31959
52969 4451
46067 923
25931 13622
22458 7456
39377 29948
76007 46042
56212 43965
81062 41519
37365 22148
58592 23290
18011 17627
69846 49558
28258 22893
39891 38848
50235 35099
33078 2178
59339 22969
84345 66900
46560 22154
54374 50390
82090 64154
73885 43255
83225 62552
74417 37829
68789 37949
51025 16030
56675 14560
14708 7438
42920 33821
22332 15972
78531 52762
67237 25878
33873 11078
34142 20048
46645 18342
77245 35573
80261 40937
54010 32188
39044 15454
84447 38848
45852 42062
62620 42400
23204 6209
51447 17552
16153 13295
42112 34329
56192 53808
10505 10238
75802 53802
47298 23001
86422 67254
38231 36024
69813 66880
53336 3577
30458 13843
46543 14163
73945 34453
72410 25594
84758 43605
87681 73111
4867 1595
70663 37227
86202 82439
8223 4397
60213 17164
46254 36299
49231 23004
39353 13830
68455 38142
65437 60122
50572 49338
33866 26368
65472 62378
79073 56999
40967 32109
54921 8380
84083 79399
41185 10423
70957 49675
78133 62382
55167 10176
23370 4883
77262 28885
78217 54121
71969 36020
77787 28167
85011 53260
82764 71569
64885 26183
33093 12381
88143 85268
55512 21425
73127 40184
79931 33310
61074 40401
71653 24624
57310 15581
26271 4360
41471 21146
73555 31252
72928 45682
77012 36337
88655 64448
70182 36097
54265 24586
77949 40444
8224 5334
49111 36574
74185 59571
72138 41477
39487 13528
86820 68968
26366 11378
24680 19356
86398 57369
73722 66667
72216 53190
88448 41935
16161 2730
29636 12223
52677 48179
81896 69927
53835 19209
89818 83592
31262 11884
31824 17653
39903 34405
87679 56226
62521 46312
69967 34006
30334 23820
21829 5808
29101 14287
65946 60526
41726 25710
53308 44093
24151 1185
62407 22925
89255 64859
37004 3991
79026 56821
48588 35707
48841 23435
52364 14052
86221 44620
89734 48174
15312 7417
59694 46852
78209 30302
42267 9918
37621 4558
41513 34103
60528 45842
68482 66561
69173 64183
85851 37687
18868 6291
85440 35869
37242 36999
59303 37548
79557 54314
89605 48478
57122 30683
26666 14575
64268 57850
49997 32134
48062 27099
57171 39861
77433 28687
47038 1137
60189 56722
41294 18958
32543 18698
80362 47249
48886 25475
73758 57593
22186 4932
66075 48381
70502 29470
23608 20277
79471 77227
55231 26495
71399 36982
68818 56875
16179 14478
82745 73699
35325 28990
63634 41066
72288 47690
26601 12435
70038 33957
55140 9969
57013 54857
35356 11464
51998 33102
51444 3731
86004 78627
67399 47743
50002 37205
57095 19705
57822 24360
27592 1247
75289 44421
46273 9916
47609 15664
51293 6397
57970 50802
52047 5849
27907 6019
50266 38390
64893 16269
24955 23474
88164 43790
40145 19396
47893 25885
56019 25603
56489 29352
56286 49766
35019 34796
23074 1186
43991 40119
57631 51062
73221 39735
85690 46929
77651 51086
78622 40740
59863 37566
34971 31734
82435 35145
56265 48515
37191 21605
40704 38155
41744 6899
71685 60734
26443 15448
11996 258
22760 21048
15810 13906
50745 36104
88581 42488
41985 25881
57594 17840
42377 6467
63150 34674
64957 18730
34428 5529
43476 273
67432 61989
88741 71447
38504 24758
69898 67056
67922 20409
84352 57293
82793 57332
62641 59771
77730 29562
42493 4938
70797 30744
54308 8283
61548 25532
29934 2290
79543 75465
73440 57387
86196 85125
40913 38381
27076 5303
61877 22223
24051 22755
28143 26367
70212 50607
40789 14239
43681 594
83951 54478
48795 40433
13037 6972
59364 36452
54392 28126
69672 20497
79941 77130
75028 35144
44358 13528
28226 2977
51234 29261
71392 55369
19131 5544
41478 40683
47288 28673
74807 30439
46138 26455
87275 80526
72086 35383
85910 41487
58528 44975
76924 27133
64821 25036
37048 19146
60787 59381
47040 2229
46402 46109
56305 8437
16149 15448
69177 21445
56271 30877
86869 38890
89597 88411
46500 39553
32233 26005
29211 797
46020 33676
32116 30809
70081 58383
51047 51000
87567 43788
78792 65541
87026 65164
59172 44274
57465 33033
25253 4431
63560 60842
30396 4099
87859 53574
78955 33440
89418 59715
4510 2380
71970 55109
47504 3723
25871 20550
47281 18469
76012 50146
65769 32435
76924 57426
80693 54633
72915 53378
58324 25733
83817 36279
42932 41759
45218 12723
77643 59946
11393 8100
50612 26125
61013 16359
86729 63034
85497 52038
17093 14081
31749 25123
79466 43390
60985 45387
77397 41670
88147 73423
28762 21079
77580 75683
87813 68768
60973 51818
48223 34202
79810 76592
73395 53970
71976 69339
73692 59842
78891 46877
61391 42210
60363 37589
20678 533
37532 30681
86829 53781
14304 4656
76591 52725
45298 2555
56305 18819
60956 58813
63920 61099
80150 39075
16254 8167
62913 61431
42152 33373
70707 51109
41429 2020
45675 40647
77665 68758
36938 11541
63429 41232
82507 43381
62388 33522
86596 57536
72197 33057
73180 72765
68998 64080
31590 6001
75290 59442
48606 22766
34088 27798
45608 29416
31416 23671
77902 42031
78717 76814
88990 78647
80341 71667
74662 27493
64188 44818
35994 34218
46101 45816
35512 31619
26981 12762
63846 21277
82250 42879
51929 51350
68585 42177
31409 25746
43395 18759
89787 85308
11899 1938
41372 38069
51936 10714
43926 439
29796 8696
72182 45075
89586 70227
67123 28315
40429 1781
65765 25940
72755 25516
69101 26216
67688 48589
53090 28116
21210 14319
22314 1313
83991 50551
57615 26594
68372 56667
79655 36130
42391 26786
66862 57868
72357 25565
57615 47985
57658 22330
67578 40560
37534 3952
78078 70377
75654 42025
79481 49607
83521 79313
12540 4059
47091 17582
35266 1360
80966 50069
66747 27538
27610 25054
38740 6007
40668 724
54756 29436
80780 57173
24304 2442
64956 62040
40785 10435
78529 57201
86575 70876
56307 44747
54861 46914
22040 2270
30376 812
85283 58402
51627 9887
89404 42765
12275 9719
83506 58035
80124 47873
74818 69590
78082 47940
73391 71298
25144 9492
44778 40432
65450 16576
82106 40848
23605 5452
46389 35215
70058 22050
61319 42228
10302 8153
58795 14481
80857 78358
81806 50825
71966 32721
89706 62310
41548 34499
41849 34648
84323 83831
35550 9616
30357 3860
56631 12771
87107 71200
89922 72406
76132 53274
65360 22943
84539 74644
32122 25293
88459 62826
66068 31494
34788 26571
32284 16250
43900 22116
52947 25913
71444 62037
46801 5896
26819 19603
59155 39751
51904 17183
56718 33060
51794 11123
68219 31458
73559 51321
25123 1025
22735 14541
70412 54139
58595 23479
39644 4163
77637 29771
69223 47657
19710 6553
77820 72946
85230 65773
1905 1316
37592 12887
80025 60391
46976 19018
24048 624
79262 46671
33583 18623
43027 23711
25561 12327
67253 54947
63181 48353
78606 75552
61525 41025
81698 56987
89571 64288
58111 52017
40559 4107
57659 42576
75066 39183
58153 28530
67266 61429
73801 40567
52172 29803
72465 25779
73075 55426
75010 51975
32860 12543
40268 33066
81516 45832
53725 41118
21876 7202
33806 27494
80953 63625
33723 29400
51604 22043
79687 79080
70500 26672
35028 16832
23410 1228
46802 2960
82461 58341
78443 57905
60510 58443
88341 70632
37318 21508
78995 53424
29592 16396
81271 50044
53183 23986
70995 56475
67108 28452
17868 2954
80583 44885
49939 9017
86050 68837
41295 38120
43884 41905
56677 12861
57469 22983
66180 40169
34358 27490
45100 39299
81879 32221
54477 8319
65440 24669
35909 12840
68238 44039
41124 29559
83865 70330
82606 53755
82573 41613
20737 9842
42144 33929
68766 36664
73891 50338
66876 25725
25329 23359
76010 67193
34182 19049
86755 43170
63234 24899
59052 55306
44926 22560
69012 27603
78442 77712
72316 48263
31735 26547
73742 39628
75527 29052
44346 4729
32108 668
24285 18628
49652 47627
71768 45884
15835 10653
11475 3403
87984 69806
80478 48068
58589 29468
60285 12026
65435 34999
54555 39031
28189 19883
26645 2912
61451 36620
16206 2111
40471 27712
85165 73268
75054 29983
83732 75875
51805 44529
83851 78398
78206 44584
33615 31172
63458 56266
55553 19937
77848 69501
62577 55992
82860 75369
51212 10087
79933 67611
16808 5389
48471 38596
30443 29817
68250 49097
37753 5432
35016 31348
55101 42682
29721 19308
87601 68045
50033 3041
46493 30920
77221 37281
46356 41128
80034 35026
75712 67379
87283 76205
65607 35378
71296 24246
89277 61597
72297 64086
57849 26569
23086 1545
42626 28778
81798 62809
44521 34253
67613 42646
75426 39782
84114 42020
70964 23614
74792 40641
70334 58787
46756 11060
76282 55386
23620 1958
69791 41442
29640 9414
57125 47599
79524 29941
3972 2772
37471 3208
64172 41772
45887 13107
68494 63445
54480 24728
35204 13557
53612 52767
69867 59764
55298 17276
89476 80625
87545 47543
43458 22643
10598 9049
36069 26849
61763 25331
64535 30247
65683 36932
80812 46920
68830 48124
14376 2380
37617 35435
41308 37417
71063 44942
28024 11871
34775 7002
66490 52562
63731 15604
73062 43278
81287 36548
4860 3180
18625 3009
73375 51462
44060 40226
33690 29574
51183 44938
31321 1704
57095 50693
67486 22265
70002 29902
76217 60534
24031 4460
62107 20819
25096 2286
89744 89488
72199 46609
49551 35387
54245 18632
21401 8769
60997 15331
25890 25646
61621 13677
35501 6796
78711 59847
77245 61297
56607 53761
36324 1818
70995 39611
66880 22729
83768 37909
37275 14398
84095 74705
52424 26042
41424 14615
69995 30074
78330 60021
53123 24181
72201 52031
45832 30478
58178 26531
51490 8673
59205 12546
43091 9655
34792 7970
2993 589
52615 42953
83044 35560
46303 34844
18390 12388
89774 53155
48276 20155
66268 44301
31159 28846
36052 35057
70247 39696
87917 81640
15192 7439
68775 34227
51567 14445
49743 22127
24415 16607
57631 45165
43939 29561
52441 21412
72830 53158
13785 4494
15108 5103
83026 48845
79075 69984
24152 9013
79513 77257
55831 22374
60279 13201
35657 5274
39475 5263
64703 41089
82901 73647
42341 7014
70302 41399
48677 28542
74742 65629
38131 19874
67329 37871
30558 28723
55450 14021
45195 110
55302 26011
25875 15719
55942 37539
69692 35144
72695 25182
75098 42296
54540 31384
24636 7975
62540 57601
41535 6917
87272 74934
71162 55594
39593 31350
48055 7536
71161 50850
86582 63445
40977 39104
68049 29375
23369 22098
61248 58093
78379 60836
67782 20912
45718 4271
17320 632
70347 64728
65033 19730
60910 30828
28793 20109
7612 4151
60310 35241
32059 18961
51165 20060
50407 49320
75686 55252
58398 17510
67913 51263
42077 39058
81421 67846
78002 39287
74673 53534
76368 59218
88250 63487
25738 13304
22801 6079
26746 25409
46358 25320
54889 29953
29701 11780
89300 43056
23819 9474
41276 36404
74898 61485
77090 71037
40910 24285
60643 59076
76877 57077
41804 29844
42810 21148
7963 1366
50516 14481
37182 13307
22644 10937
71775 29072
73914 49074
17403 2605
88306 43724
84294 59962
80164 74486
72336 31879
73514 31027
68502 45880
48901 19231
55172 16791
71639 52891
82326 72548
20236 18994
38546 22960
49596 6218
41974 3682
33960 14124
53808 10702
55754 43587
34593 22102
57189 15153
60078 12150
19044 14734
61618 23170
39167 2554
11028 604
60034 44277
57922 26676
86447 68978
76551 43905
76259 43782
22100 16271
16076 5280
28919 12784
64673 37635
73804 37256
37059 8019
75004 38267
49001 18583
55494 26077
45863 13465
37621 8507
57582 10705
89576 76997
62010 51458
29959 5177
32190 29835
72545 68767
85190 40498
51291 20890
4869 4122
25944 7318
50737 45103
44232 3641
17931 17557
48296 34238
78623 47458
75306 68460
56780 28296
76517 65418
51274 18504
64557 37372
50562 17211
57535 46972
24555 1369
66833 19664
49438 2509
63041 35943
55752 36746
34740 12142
50004 48807
75764 69612
87514 77760
60442 13190
42846 10961
62670 18081
54240 28747
82146 59218
60863 14008
48705 19453
62692 53876
75902 30685
79082 65681
33058 4194
40830 31602
82626 33886
49251 27348
77346 47624
54458 32681
12611 11341
50057 13000
55953 41112
31213 19816
68482 27406
62145 44812
45276 31932
57887 25164
31324 28818
69263 43731
25476 20655
25751 9554
74413 60242
60788 15433
81276 44635
81595 60274
83353 62617
43041 39659
74812 25685
78323 36831
44397 31367
27555 22783
19230 8803
59802 56293
37295 15584
42354 29521
17472 2598
49655 34268
74386 53792
44042 8665
64948 61946
22111 1795
86538 43589
43488 24221
76151 43501
89981 76484
80078 46221
55865 17919
32520 5863
49394 35457
49331 41668
42105 23604
81954 74636
81994 38310
46551 35949
37812 17333
34194 11702
28449 14771
62357 44367
64927 23054
20052 12849
73370 63322
7567 6787
54161 11694
50380 24177
34379 18025
36502 18198
27163 12929
12007 9766
78197 46667
79006 70066
75806 60044
72515 41527
47173 25219
10164 2063
67441 23267
45920 24074
20757 17095
68308 48091
55870 25568
77487 67638
20533 12272
84049 69085
70344 46456
59543 48180
19894 17971
79219 62695
64279 20192
58483 38177
33165 5016
10514 3520
39247 22667
85291 58831
83892 44272
40116 30038
34521 25498
64131 36839
53292 44636
84142 79382
21128 10254
31912 27453
84854 47037
48803 27142
61992 52950
46315 43753
79221 31828
38678 17872
67989 64195
68762 29735
66726 17936
82341 37445
37233 29692
32443 11915
66857 27274
3194 2747
62947 14502
17369 4154
65859 18361
49428 11131
85208 83075
22173 1043
65901 56050
39858 19435
72950 64999
61375 22643
60260 37742
30227 28065
87739 78404
78058 56933
56586 22557
42446 41150
57499 19471
43617 31513
34770 1849
83525 51024
9736 1792
63021 53934
25070 23716
60774 35188
82045 56344
34719 23403
89164 63401
22066 20444
57525 48371
58125 51957
88891 56034
67179 58056
69506 50244
46525 10279
45863 33259
66311 37489
38456 23071
83724 57911
46210 326
7289 4488
43953 14054
80560 56567
68470 23950
54281 9576
46143 32876
72786 35397
30545 19391
27044 17021
28574 17819
82817 51301
76450 32021
82382 39437
58344 35859
38250 19587
34057 6821
31448 8527
78712 74492
59054 20838
68772 51231
57814 13711
51110 34400
59636 48564
87540 58879
60754 54133
63589 58237
46355 9449
49745 15736
89095 50221
28491 13194
39878 6659
19360 11783
73783 24205
55526 17019
32294 15681
25353 22034
77120 76114
35990 25425
