100
667 340
681 362
660 228
851 820
656 492
410 515
366 710
167 914
595 269
144 548
220 364
233 577
696 847
993 810
693 828
11 155
557 349
994 437
898 567
784 396
510 966
435 813
281 79
81 457
768 862
994 645
299 975
341 464
465 450
836 651
185 647
519 712
986 788
685 398
601 46
149 729
909 985
401 833
47 296
536 411
60 48
572 894
668 976
601 923
493 379
970 687
218 377
183 904
92 797
348 966
582 600
271 248
1000 529
747 654
497 678
278 385
294 580
389 675
277 73
138 874
731 573
788 933
241 46
763 25
60 194
611 127
301 906
318 564
300 235
937 879
308 499
173 890
907 481
925 608
512 658
530 172
631 94
459 318
622 453
52 786
604 348
112 552
524 881
756 136
434 36
931 725
784 49
105 241
460 876
290 235
242 799
141 7
287 42
228 807
201 695
141 807
696 672
159 817
328 535
660 891
