9998
7563 2760
8593 4835
2665 78
7234 4061
5890 2715
7194 5311
3836 89
6215 1887
8650 7295
3517 3443
8951 4193
3370 63
4509 1168
8020 4885
9890 6196
9308 4810
8770 3967
5714 3353
8017 5981
9649 8146
5915 933
8175 6843
7931 4256
3536 2719
7070 3241
3111 2751
3574 661
9921 6485
6259 3589
3854 3116
4159 214
8478 8421
4017 1215
5862 1144
7950 6917
9071 7277
3584 3215
7551 5986
8558 7492
6504 4372
8250 3520
8190 4546
9999 7090
3550 1530
9022 8970
7140 4406
7350 6920
5163 4288
1565 766
3579 277
8373 6582
2151 1320
9882 7960
5844 3596
5174 995
1050 920
4716 2980
4549 587
6995 5096
6745 4096
6595 3130
6931 5892
5422 2961
4267 508
8101 7121
4327 1218
7003 5981
6699 2242
5196 2500
9286 5135
3629 3585
9703 7037
5892 2178
3418 2371
5898 3032
6074 5679
9759 5381
6853 5945
5813 1023
4409 1294
7443 4840
8294 3724
2842 1502
5476 886
1913 780
5492 1045
9019 6395
9406 5766
3365 2329
9736 6637
3013 1265
3027 1168
6254 3938
5799 4107
7172 4171
2243 2056
7983 2995
3890 2877
9214 6005
7942 7917
6110 2394
1788 1203
7967 6306
8097 4010
7485 7042
6442 6083
7031 3283
5858 3315
8723 6958
8128 3245
5701 4030
2567 1430
3465 1637
9452 5455
6368 4465
5575 3262
5840 4788
5234 5197
9519 5133
4353 3172
7499 3812
7032 2803
3847 3826
7650 6154
1458 1381
5034 1644
8392 4167
5857 5228
3213 2699
3202 362
6568 5995
4809 1783
9908 5184
2867 1165
7735 7242
1133 463
2636 2457
5376 5127
6150 3269
3511 7
9797 6215
7018 6530
2757 1804
6344 3830
9725 8251
7942 7788
5415 2739
3516 1499
5698 4495
6413 4911
898 51
7278 2960
4578 1888
9632 4700
4001 2180
3421 1436
6108 3542
3814 1024
9210 6374
5649 844
3755 2934
8490 4687
7656 4885
7674 5826
5296 4267
6744 6654
5193 3402
6338 5271
9459 8070
6806 6708
3110 1143
3956 1184
5590 720
2573 1868
218 37
3013 267
8161 7386
9829 8168
7687 3636
5627 1931
7580 7281
4839 1079
3809 3204
9080 8801
6252 6089
4138 3989
6395 4427
5535 2966
6456 4573
3134 2707
6039 3784
8680 7285
6181 4279
9679 9100
6473 3827
5044 2353
5623 3509
7931 7719
2607 361
3845 2960
6055 2074
5336 2031
7194 4222
3470 2027
1526 1232
4256 3303
4921 2121
5289 2399
8658 5429
4020 2761
3725 427
8375 3992
3029 1562
5935 4873
1270 28
7668 2677
2213 927
4614 1962
8456 4586
7295 7128
8321 3814
6878 3178
5826 4653
7643 6788
8311 4444
6345 2978
7431 2887
4827 2732
6117 5411
9386 9330
7890 5920
4918 356
6635 4017
6545 6049
4487 1464
8748 6311
6779 6670
8519 3849
9520 4920
8848 6368
7985 6412
3684 1571
5920 3914
8356 7213
7531 6395
9889 5802
4227 3681
4994 1936
9064 7300
5967 1537
6624 4791
8490 3928
1211 656
5809 4755
4616 4033
4245 908
8791 8272
7843 5799
5569 2152
3430 1736
7319 7073
6851 5592
7655 4924
1615 1249
6883 6277
9722 9056
7598 7591
3889 947
3214 233
6741 3873
3707 1595
1822 338
2247 86
7284 4791
4129 3475
1657 317
4244 22
5428 2512
5456 5409
4995 477
5526 5453
6870 3447
4248 956
2010 518
7823 5310
4895 894
7979 3526
7421 4959
5332 2095
1697 1405
6943 5891
3369 16
8732 7449
3557 2905
2060 1243
4850 3628
4663 1559
8494 6763
5460 3651
9997 7586
3943 1542
3137 834
5259 2283
2954 520
4167 2788
6091 5034
7022 5659
1103 1076
8322 7380
2678 2482
5013 3653
5173 1389
2551 568
1208 1139
5717 5443
7586 7413
6937 6878
6194 4363
8698 4798
8729 5466
6811 5798
5328 3783
3880 2356
4018 1383
8048 3782
7427 7292
7878 3540
6750 4417
4579 915
8052 7189
5196 2655
8479 8311
1071 812
5709 4459
5978 4253
3315 2595
9127 4446
8294 4119
2341 136
8013 7671
8824 7784
5537 4238
8439 3698
3586 3393
4616 3357
2334 102
8143 4557
8208 8081
5414 547
6374 5091
8936 5784
4328 2434
1343 575
5249 4752
3250 2223
8550 4844
4692 1141
5237 1273
5547 4505
4091 296
7789 6921
4951 1310
2497 1112
5175 1997
7559 6327
2513 1483
8170 6364
6195 4917
3848 804
7836 4541
8385 4859
4286 2187
6287 5648
4862 3593
9310 6154
6799 5324
5388 2812
7313 3320
3897 203
6304 3547
9696 6509
8480 4569
7959 4424
3874 3560
6508 3387
1173 1029
6592 3343
5218 903
3862 3857
9044 7267
4374 1406
7633 2697
3488 2131
9547 6988
8562 5607
4849 2859
8075 6616
5286 4312
4841 2560
9235 4295
5471 733
4984 962
3560 973
6718 3258
8347 4855
7021 2848
6762 5071
9660 5324
1696 412
2880 197
6581 5511
7346 4933
2965 445
5280 3393
7227 5448
9822 8681
1942 1864
6944 3087
7675 6273
6389 2830
6932 2769
2802 419
6735 4221
8728 6686
5632 4536
9939 9432
8359 7817
2557 2412
8829 4163
7346 6827
6456 4658
7949 6450
2443 2266
7173 2591
9581 8501
6324 4037
7298 6031
7758 4217
6101 4135
7373 7111
9895 6112
552 105
3953 31
8938 7601
5783 2586
9758 8440
7008 5707
4344 1715
7980 5639
7650 5563
8042 7565
7017 5265
3577 3372
9553 9524
7217 4155
8497 8012
6766 2637
3960 2482
6045 4064
6187 5379
6895 2483
5990 2679
6154 4805
8600 8211
6886 4028
3464 1504
7948 6997
7500 4379
6621 5623
9940 9888
9640 5456
2155 291
2916 1007
3857 3608
9745 4759
3026 522
4208 3598
1395 930
7955 7702
5342 5000
5795 5022
5036 448
7212 6524
7208 2213
2326 644
686 246
6956 4846
5196 3890
523 102
4759 1984
4548 3164
4660 226
5677 932
2156 402
8455 6688
4651 4161
1531 111
9835 8970
6971 2338
9377 9027
5412 1249
5760 3018
7996 6087
5375 1218
4077 3475
7593 3637
5100 3209
2086 1448
7904 7629
3132 592
9889 5107
6761 2756
7004 6729
3063 2439
3764 696
7380 6728
4280 2710
2017 1641
3980 1816
5015 4266
5031 104
3031 689
7622 5086
1320 615
4024 3350
5473 586
7261 6045
4087 3820
1971 402
2941 2843
5374 4583
2612 434
7882 3531
5217 3089
5448 3453
5151 1544
8884 6335
6355 1916
2949 1493
5163 2730
4452 3518
4934 1716
7465 6583
7183 4734
3142 1852
7974 4448
7726 3691
5412 5234
7573 2775
3371 2679
2399 988
7056 5265
8273 5321
4196 2002
9575 6764
6755 4420
3326 2147
2767 2156
7443 6900
8782 8502
8437 6944
9816 8817
9064 4373
7648 2856
8051 7668
4876 356
6363 4915
8005 7538
9819 6261
9113 5434
6125 3323
4242 125
3628 932
9218 6532
2769 370
6393 3234
7541 6669
2354 1746
5697 3075
4073 267
3220 378
7360 6493
2278 1640
2453 1831
7582 3033
9255 6168
2578 2337
3185 1300
7207 4314
9643 7935
5125 4002
4912 3616
8002 7281
5009 2409
3492 2383
8880 6213
5091 1625
1622 1126
1877 708
5119 4956
4920 1566
2331 1874
8010 5898
2255 631
8321 7822
6655 3489
4012 2936
5875 5358
5715 5229
6847 6254
3304 470
9674 9322
4029 433
6247 1460
5514 4450
9032 7970
4233 2573
9611 5250
5657 2272
5862 1247
5734 1371
8462 3513
8837 5898
1919 1862
9988 6221
2321 646
9846 9032
8588 7139
1776 1135
5395 2235
6434 1683
8276 6721
5764 3087
5163 1479
5027 2508
7073 4056
9723 9195
3086 93
9304 8053
7565 7418
5980 5040
3001 756
4822 2791
4260 3306
3328 1105
4393 1206
6849 4692
3177 943
4371 1054
7006 2060
8762 7385
3476 2815
9322 7407
4568 540
3979 2503
1573 357
5407 1030
5089 5076
4129 1835
4869 413
4535 1781
7813 5675
4024 2087
8579 4541
5008 4245
2159 674
8053 3717
5707 5699
7824 2825
8322 3870
8827 3848
7465 2468
7421 3161
6635 4527
4531 1671
3976 1212
8137 7518
6731 3343
5756 2058
5067 2264
6352 4422
5306 703
1269 459
7028 5339
9556 7108
7170 6627
6750 2745
7073 6598
8615 5122
1591 561
9038 4719
3747 2636
9911 5807
4399 2325
7607 3458
5021 2777
8538 4249
7317 2554
8853 6898
4896 1405
8523 7911
9961 8602
2948 445
5212 3810
8931 6187
6643 5981
8961 8491
8946 5669
8452 6685
5282 377
5437 2540
6550 6221
7300 4933
9474 9180
7650 3136
7567 3263
7525 6835
1927 646
424 23
7151 4904
9339 5114
6276 5788
1989 1396
9554 8620
9772 7394
8954 6959
3779 517
8632 5085
1719 124
7865 5073
5515 3047
3928 3134
5454 3416
6147 2097
2254 2041
5515 1074
5073 496
5312 5310
6384 4441
9391 6931
8960 5861
2051 2011
8412 5790
7595 3917
6612 1771
8584 6244
5251 4084
9150 8778
6520 4949
7994 5037
6866 6283
6075 5582
9846 5915
7360 2547
5816 5273
7173 6540
3601 1875
2233 1932
7556 6443
5980 1580
5200 2285
9154 8180
5487 646
9579 6863
8971 7038
2174 1723
8971 4621
4099 935
8178 4560
1343 133
9005 5445
9019 4040
3263 945
8726 4565
3157 2140
4993 3494
1850 1069
8617 4025
7011 3033
4995 1627
7331 4742
5081 623
9385 9092
7130 2707
3508 3105
4717 1820
8590 3867
3382 749
9150 8895
3614 2739
6497 2397
1970 219
6099 4303
7092 4597
9214 5069
7453 6414
8708 6970
8168 5662
4391 4378
6114 5057
4329 1221
5000 1274
3733 3296
6266 4989
1740 1671
6823 4189
8944 8195
4498 2308
7805 7121
2828 2687
4296 1920
6602 1854
3831 1770
5943 4866
9933 7463
3477 2408
2926 2184
2790 1904
1901 356
9307 8358
4593 1725
4968 3528
4961 1957
458 183
8117 6189
4932 2966
3738 3657
2532 1659
5113 2547
6976 5858
6225 2836
6444 2541
5650 2744
6702 2363
6780 5051
8054 3701
3197 605
1002 351
5081 2204
5726 3750
7986 3932
7020 4438
6157 3904
3046 751
9642 5785
6409 4667
5006 4779
2621 1713
5179 1378
8960 6215
7142 5781
3790 423
6243 1657
5496 3456
5364 1024
5845 4003
6969 6602
4471 3585
7306 3802
8215 8197
7026 2666
2115 2010
7356 5541
4494 3229
3694 617
3462 1473
6613 1851
3557 1429
7814 3834
1549 545
9409 5670
9154 7583
8666 6658
2206 2059
6283 4535
9139 6689
4137 3296
3262 541
6573 4648
8963 8779
8643 6248
9475 6306
5627 3666
7025 6401
1664 1041
915 435
7141 2847
7885 3325
8058 5492
7137 2935
3966 1926
8599 8032
4067 1995
4553 760
5266 3558
8688 4732
6428 2993
6063 1651
3585 3358
2585 1672
5232 1633
6572 6292
7545 2976
7208 3455
7255 3274
3770 2583
7310 3845
8534 4148
3075 1984
2536 1045
3254 1026
9772 7646
3798 3357
6325 4410
1620 806
6818 4390
6836 5677
4192 1333
7530 5018
7959 4022
6276 4643
9035 8088
5064 1185
9370 6531
8524 5790
8462 6667
7539 4167
6882 4547
1797 319
6534 2272
5236 2224
6775 5703
1893 931
4515 3846
7859 7599
7214 5301
5523 3594
6224 4975
2019 472
4425 3108
6194 1898
6153 6053
9658 9551
4443 4085
2869 54
7309 6926
4668 4105
9380 8031
9922 7104
7730 5982
9216 5370
6829 2728
3868 2915
2269 2067
7954 6740
3499 1065
7635 7099
4689 3548
3543 2313
6829 4149
7649 4617
8816 7634
5083 2243
6788 3777
4286 2204
4128 2475
4166 1870
2652 551
3444 2134
5450 832
4681 3418
8416 5638
9458 7796
2993 1841
5929 5664
5515 1544
6521 1921
6793 3864
6901 4572
3545 2877
3325 2474
4933 1725
4724 3349
6384 2550
4489 3404
5642 3183
2780 1054
8962 7522
8634 8216
7564 6351
5421 3537
7371 2528
8762 7882
5801 3140
8759 5286
6913 5556
2144 532
2252 1904
4706 3847
3995 3374
8730 8346
7899 7183
5404 543
9349 8467
6546 2343
9967 8092
1569 1466
4949 2189
3542 1302
8097 3802
8032 7234
3922 2155
6206 1405
9785 5964
9496 7811
5738 3680
5015 4087
7502 6813
3277 1273
2236 583
9881 9361
9706 7502
7621 4758
7021 6279
8992 3993
1474 1467
4464 1385
9226 6135
3132 1257
6682 2520
7422 6472
8925 8518
7523 3524
2362 1690
7322 6946
3382 1640
5518 2121
9769 5662
6924 5606
9484 6615
9716 9362
9316 8502
5471 3452
6740 5756
8884 6123
8904 6700
2810 1537
5516 5326
5554 3387
8277 4577
7828 6673
9145 4401
4321 1494
7935 3726
8730 6393
6349 5568
8811 3833
6703 6053
8164 5678
9020 4355
7474 7336
6616 4217
3885 26
1348 821
7726 2781
6626 3113
8148 4445
2002 430
1074 686
2301 1274
6140 3902
3404 2543
4200 1912
4935 2293
4463 2836
3477 2095
1765 993
8677 4711
4361 2613
8238 5298
1178 114
6742 5321
7861 7475
321 272
9093 6837
6908 2409
3742 837
4512 863
3716 3087
7811 6465
4350 2683
5709 4598
9402 6141
5306 339
8228 7384
5959 1037
4895 3830
4431 3590
3926 3424
6871 6737
9642 8452
5347 1531
9334 5061
9729 7741
2272 1960
5566 1028
9247 4521
7080 3726
6826 2561
6907 4569
6028 3103
5483 521
7050 6747
6846 5041
1309 856
7706 3975
3766 3080
3812 247
3460 2633
5540 2789
9593 5933
5923 5132
6343 1970
8459 4442
5112 3664
6472 3131
6863 1944
8683 5720
7992 5529
6110 2436
5023 3912
7272 5634
2561 1853
4585 1127
8930 7358
8851 5999
7133 3897
6232 1904
4835 1575
4231 4124
9914 9883
2793 2628
3006 923
3382 776
7848 3748
3872 332
3288 1640
3845 1865
8803 6103
1707 1439
8899 4607
894 842
7505 3582
7678 6117
9758 7352
9624 8824
8346 4542
3943 1791
558 461
7565 3961
4406 1561
2901 2264
7468 5937
7415 4629
4371 3697
3306 51
7494 6522
5158 1294
2953 471
4791 4712
6811 5471
5896 5754
8434 8049
4134 2270
261 78
7450 3801
7346 4487
6618 5309
4995 4037
7029 2276
7060 3618
5440 4489
7057 6621
7335 3445
4306 1361
5564 1631
7825 3683
9921 7717
212 168
5261 744
7979 4918
5986 5502
4354 638
6082 2532
8084 4990
3998 3165
8645 8063
5115 2772
3857 2487
4010 2822
5250 3111
1877 1492
5531 3051
8801 3976
9380 6063
5295 878
8282 4561
1390 737
5979 3567
8359 4801
5467 4352
7414 5742
7869 4000
4616 965
7517 2578
3276 1593
2919 742
5815 2016
6486 5938
9223 7415
8255 3896
6090 5157
4524 1297
7855 4863
3471 1398
5105 4858
9099 7474
4363 4198
8540 5519
5254 4012
5074 4816
5988 3776
6119 4944
8609 4281
4776 3116
6848 6347
818 405
5759 2237
9937 7135
4310 3647
4496 2009
3707 537
4837 692
7514 2644
9327 5785
1936 215
8501 8058
4821 4647
2119 1239
4676 2129
7326 3135
3366 1719
5039 512
3741 160
3763 3467
9245 5975
5239 1373
6787 4795
9278 9052
4056 679
8595 3896
5156 1451
3443 3353
9460 9389
5712 2201
3212 2242
9062 4976
4808 1986
3256 903
3238 3038
4238 2642
6741 2570
9955 9081
8421 7456
6879 6516
4925 1123
5174 2129
5204 362
2673 67
8857 4339
2068 1385
8554 7548
4935 4657
9229 4959
5503 2469
1246 1175
3617 2142
6949 4548
2808 2108
5385 2760
9529 9143
8272 7334
3926 1355
4924 1287
5355 4605
6623 4638
7054 3001
2812 1266
1227 799
9780 5755
7039 6499
8120 5180
7306 2534
7246 5748
6693 3878
4902 3738
3458 1830
3772 1788
7889 2971
5909 3303
7229 5116
9924 8278
9028 6518
9630 8355
5616 2794
7337 7004
6648 3847
6606 1669
9682 8728
4799 3981
6157 2800
3758 2986
5808 4387
8471 3570
8167 6717
8830 7072
4435 756
7840 5982
5236 977
4499 4228
8512 3802
8280 3467
8739 4012
9092 8970
5971 3077
1859 135
7092 5614
9227 4953
6866 2979
1518 731
1143 385
5051 141
414 299
4480 2218
4123 883
8449 7670
4559 3106
5205 2105
9688 8426
1517 581
2126 332
5703 1578
7112 4947
8553 8252
5298 1070
8324 5905
9415 6979
8758 6475
2586 2479
5417 2112
9329 8931
9910 5777
8495 4451
6373 2222
5494 4583
9379 8515
1545 281
5857 1189
9562 6267
8931 5006
6713 3477
9566 9164
1491 1074
4951 47
9655 9634
6226 4036
5040 2240
7064 3412
9333 7169
9091 5116
7642 7467
4095 1254
7286 2615
8542 4959
7621 7148
7943 7653
2534 1598
5959 1763
3792 2137
6864 2565
8956 6956
5827 1798
8004 6358
5565 3744
8073 7870
5228 431
8029 4942
2455 991
4726 3184
9632 8974
4362 3120
5958 3405
5037 1955
9445 9201
1319 1033
3648 572
6683 6538
2311 527
4746 2815
8661 3812
7120 2292
5186 3384
5471 2942
8333 7083
5337 4876
9098 6152
9462 5151
3240 750
4719 3592
9169 7944
2092 1843
8126 6756
6865 5952
7022 3876
9565 5416
3384 1018
6974 5606
4609 3079
7682 2923
5697 4311
6165 1916
3799 3251
5697 4948
6180 6080
8607 6145
1151 793
6718 5328
8571 5299
8801 7284
747 130
7677 5312
7831 3580
5096 5057
9618 9402
8886 4633
9876 9013
6443 3883
7904 4703
7402 3984
9270 8828
9033 6755
173 56
9929 8462
7035 4978
2518 335
5982 1388
7393 4874
7354 5611
6967 4863
7748 5028
8174 7260
2723 328
4811 2274
4818 2739
8330 7018
6314 2005
8478 4175
6878 5485
6441 5056
9240 5984
5971 5530
9151 4524
5034 4901
9947 9541
6874 3135
6028 1511
9869 7520
7659 3267
6598 5534
6698 3450
3955 2240
2574 903
2106 213
5535 4971
8017 7318
8068 3937
6627 1732
5409 548
9409 4616
3152 2307
5617 3491
7030 6255
4522 632
7591 5087
6140 3103
7293 5944
4789 2114
5119 4047
3281 2068
6329 6009
9864 8462
7360 4817
6897 4658
6017 1770
6717 6063
5425 4813
3087 2447
4651 4558
5250 690
2104 1715
7082 5075
8577 5419
6680 4524
5235 4813
5482 3189
9406 6558
9099 4858
7433 3080
5345 692
6196 2352
5384 5272
9246 8193
8151 5771
3197 2927
9997 7925
6170 5635
7841 4473
7036 4839
8736 7343
7305 3907
9553 8597
9657 7810
6995 4726
4955 4006
5402 1845
5670 4692
7823 5932
4278 1045
8772 6358
5465 3427
7948 3732
3959 932
972 669
6100 5502
5465 5459
7054 2759
7617 5078
5349 3772
2932 516
6074 2291
8044 3313
7964 3373
5275 3854
1812 1551
9448 9312
8089 3123
7987 3727
6996 5243
7588 6555
1610 498
7450 3668
4913 2141
6969 6234
7605 3084
6273 5719
3650 1243
6563 2477
8412 8285
9893 9066
7143 5271
9524 5730
5563 4750
6360 4463
4234 2096
4433 1926
7739 7497
2056 512
5303 1269
5133 3081
1375 353
4089 752
950 888
6350 3873
6072 1554
8208 6146
467 400
5191 4951
8560 5087
6364 2931
9659 8030
4825 763
2405 1698
7301 7087
4191 2738
9429 9078
7646 6529
4020 668
8983 6254
4850 2346
2539 2486
5351 3503
3365 410
5167 1969
4682 2900
4312 121
9992 5294
4040 2771
1314 88
4484 2179
9922 6221
6855 3403
8582 7337
7675 4470
3587 1639
3341 1704
8724 7343
4738 195
8483 4047
6313 3767
4534 3341
7667 4713
7212 4425
8858 5445
8841 5426
7753 5253
8470 6073
5042 4881
6541 5297
5940 5858
2716 1308
8594 5339
8521 4651
7654 6283
5580 3479
4245 211
9282 6601
5962 2577
6659 5983
7397 2723
3734 3679
5432 4566
8413 6421
2571 1867
4632 4465
6240 1534
4971 2390
2538 1647
4446 395
7845 3545
1340 1188
8922 4255
4190 1267
8634 5599
6204 3147
8590 3815
3585 2168
555 252
4897 426
8004 7371
1328 255
7617 6956
592 295
7176 5059
7259 7136
3139 1562
9859 8171
6268 1494
2039 1441
1757 1389
5161 4672
9592 8613
9202 6000
6745 3813
4599 163
9128 6028
6430 2672
9264 4903
7071 4006
4860 3468
7445 5096
8070 7262
6335 1567
8175 8081
5491 860
9544 7961
3855 1729
8540 6413
5798 4003
7527 5384
3455 3422
9487 5183
3767 3392
4277 324
5913 4071
3658 1301
6346 3035
7106 3047
8691 7095
8680 3714
5084 151
4970 484
6720 2374
4764 1442
9131 7597
6408 4824
1872 1190
8480 6972
2936 2205
4923 1169
6390 3221
8226 4571
9841 6895
8780 5566
6914 4927
4541 3154
3420 3015
9889 6360
1234 207
6664 4544
4273 1672
5679 3010
5419 3995
6702 2980
3330 3063
6659 5607
8441 3820
5814 5725
7845 3731
8900 4173
6834 2448
4745 1422
5965 3601
8920 4695
6512 3422
4910 4807
4548 345
6483 2231
3836 3708
8840 4882
9407 5810
9093 4784
9876 5090
3591 3003
9964 9523
6775 4773
3628 3551
8281 7890
8321 6414
2419 527
8408 5283
5064 1783
5743 4162
5862 3184
5365 2995
8351 4177
9489 5493
474 193
6830 6776
6263 3297
7805 6112
3605 1025
2879 861
6750 3153
9161 7772
9477 9144
1909 1171
6358 2541
4045 3510
7748 3948
7537 7328
9734 8414
6841 3275
2712 1509
5421 3261
2694 47
2531 1655
7158 6086
7714 6261
8971 5580
4324 2460
7465 5692
7679 5970
3769 2208
4686 1065
5297 2133
3864 1389
5724 2830
9282 4768
4832 632
5332 4135
6495 1562
8139 4367
3407 322
5821 5556
9291 6017
8126 6763
8278 7134
2985 610
8112 4439
2055 1167
7358 2756
6922 4828
8668 4174
9732 6077
5068 670
4092 1002
8257 3308
7611 7593
6029 4485
8274 8183
8983 7694
5231 2195
9925 8470
5432 974
4931 96
9591 8162
2404 982
9312 5471
4849 4011
6269 5380
2661 2267
8330 4421
3883 429
3175 999
4566 1693
2466 329
9859 9045
7877 6462
9060 8670
6344 1734
8929 7524
4743 552
410 236
6251 4386
6054 4341
6072 3821
8972 5717
9500 7606
9241 5296
6798 2509
3440 194
2432 1842
9141 7208
1449 71
7999 3318
8182 6406
2765 2511
3465 357
7005 6494
6710 4608
8163 4826
6138 1251
8934 4904
9304 5215
6549 3712
4021 1759
6129 4063
5626 4884
8717 6644
3333 2255
3144 1692
9772 5716
3285 2136
4128 2324
6006 5393
6540 3902
5233 1396
9274 6097
7531 7262
8310 6393
2591 1717
6128 1565
7578 3583
6013 2973
3692 3656
9167 8426
7532 7182
8591 4962
9795 4840
6894 4717
8199 4611
5745 2205
6546 5748
7571 6406
2547 1035
4523 4390
1635 742
8271 7923
8373 3919
7792 4121
9746 8890
5538 3758
8604 5839
9806 5641
2672 1127
4079 2305
3450 480
5223 3529
4568 2107
2784 2059
9431 7292
7747 4531
9558 7063
7455 3729
7991 5900
4338 3422
5554 5341
7411 3982
8531 6600
5563 1348
993 504
5569 4892
7013 6412
6304 4795
8079 7526
5404 5095
5166 4785
8880 8173
7679 4523
1800 1468
7764 3855
1004 129
8203 6592
1758 633
4011 1352
8447 3865
7235 4696
2447 1727
2902 722
9617 9179
8228 4619
8244 7385
3292 1878
9170 4746
3998 210
8109 5747
1044 60
3295 951
7079 5118
3236 1724
9981 8804
5404 1383
5593 3102
3270 204
3942 2725
5803 2650
9693 4806
7637 3650
6290 5767
4556 3154
6724 3066
4109 1485
5740 4950
8454 7901
9416 5514
8912 4370
1570 1300
4861 2369
4711 2255
3644 988
3955 2280
9515 6984
3584 1954
6720 2727
6211 3208
8869 5281
3750 3147
9672 6514
3850 498
7407 4930
9577 5773
4642 903
6749 4308
3492 1775
6321 5716
5314 2904
2771 109
8255 7927
7553 5013
4314 4037
4107 2956
5857 956
8299 3789
846 442
5405 3202
5475 4385
3681 417
5146 4444
3839 1026
9954 8039
5437 4746
7377 4990
3914 1069
2650 354
452 158
7371 4699
7366 4978
6572 3444
8162 7111
9478 5989
8744 5989
8346 4773
7490 4570
4791 3612
6928 6406
9687 6613
7181 6273
5300 3147
9322 8437
8312 3719
8166 7538
8212 5851
8556 5750
315 151
5149 3985
4783 2980
8558 7550
8924 7825
4512 3205
7404 4792
9778 7478
8329 5336
1903 1902
1737 519
8161 4146
4803 3729
5719 3220
6865 5510
7510 6982
8385 7974
1889 1160
2885 2409
7982 6275
8554 6112
6497 4852
8449 5498
9611 7939
7886 6390
5006 372
6755 2454
7314 4504
5570 3148
7098 3105
6289 2081
7663 4619
6684 6538
9024 6456
7556 2867
6154 1181
6983 6457
3557 1616
2222 2036
5401 3797
8451 4288
9971 9741
7829 5228
7548 4319
8439 5357
8284 5782
9180 8328
6807 3210
3971 2905
5501 3204
3020 180
3997 645
3754 3529
2518 1073
9673 7281
7324 2730
9560 7946
7427 6740
6789 4381
3594 46
8741 8700
6017 4890
9394 5503
3053 1708
7522 6634
8044 3763
6256 2443
8493 7565
6015 1329
7914 3737
5213 2290
6228 3082
4750 2988
7278 3171
8069 6284
6531 3751
6042 1048
4096 1925
9086 4510
4818 535
8535 5144
6877 2966
2523 2024
6137 3055
5400 591
4423 255
6220 6170
6654 4207
7093 6550
1053 445
8458 4948
5401 3698
6089 4414
5221 1189
1959 62
5716 3004
4387 3080
6905 5901
4755 4448
7781 5911
7103 3311
6322 6183
4831 4370
9795 8026
7698 5918
3710 2497
3691 3345
7355 4236
3708 1768
6284 1924
2123 706
9612 5208
9322 5239
4803 3020
4711 3427
8698 5495
6169 1485
5572 2059
4986 2406
2608 1760
3348 541
1582 18
5333 4031
7501 5854
7958 3492
8511 7276
8319 6802
4325 1222
9991 5192
9019 5717
2570 302
782 503
9712 6090
5306 2231
4571 4072
3618 917
8927 7927
2245 343
4574 2106
4753 2450
2347 1982
8651 7528
8146 3614
5341 610
5135 2532
9598 5982
941 688
5916 3934
4742 2968
4977 851
1514 1350
5878 2893
4104 1851
481 151
9488 5570
4098 3689
7809 2927
1822 489
5144 1712
7596 4131
4424 771
3529 774
7599 6241
7325 5389
6086 4600
7695 4333
5467 3851
2682 1679
3620 2590
7126 2715
6213 3828
9446 9361
4491 2317
4764 3641
4815 1918
6654 5030
7768 4973
5858 2295
7979 3154
1832 1191
5329 3311
9638 5784
2454 406
8733 5339
6877 6003
7771 5868
9058 5462
8926 6269
5841 3976
5141 237
5741 4909
8055 4542
6703 5860
1832 1492
3458 1398
4919 3038
2042 1542
4402 2884
4723 107
8609 4767
2918 1944
6992 6627
3211 2514
7834 6311
7899 4593
8957 5084
6821 6060
8458 6960
5864 5315
2225 566
4259 2169
9431 6087
9121 8974
7725 6266
2774 2278
6079 3065
8920 7994
7835 5995
5882 4290
7707 3201
8899 5428
9459 6320
7397 3112
5083 4722
8608 6153
9611 4615
3590 708
4996 1772
5264 4385
9520 8832
1187 434
6917 3985
9673 4711
4607 1246
4769 3737
7695 3383
3671 3658
7179 5360
8397 4739
8770 4745
9469 5186
7000 2909
5345 4533
3226 2511
4624 678
5165 439
7669 4025
4365 1999
1179 565
3443 2698
1915 1166
6310 4425
4628 218
7538 3015
7653 5613
9215 9150
9477 5759
6454 2511
2246 879
4392 1165
3474 3412
2811 63
6543 3847
7774 4992
9577 8287
3434 2625
5496 4598
9178 4444
7289 7192
7980 5454
5680 5328
4668 56
5178 785
4185 483
4742 3626
4141 1845
5373 436
2908 2327
8157 6392
4285 3638
8213 6323
5406 1085
7750 6623
6270 3542
5325 3992
7164 3913
902 170
2806 527
3642 1806
1142 1117
9689 6073
5980 2873
9317 8971
1927 1203
7862 6587
5761 1155
6428 4235
7333 7038
6398 4946
9921 8315
7285 6809
9827 9142
5099 878
6788 3601
7552 3214
5310 5227
5421 909
7521 6728
5489 4704
6042 1224
9452 4957
9014 8424
7037 5052
6585 5527
9985 8299
9442 6670
8707 7679
5299 3113
7296 6812
2971 1859
1918 1485
7137 2774
7138 6518
4764 2956
9160 5404
4951 3675
4993 2904
4769 3562
1995 624
8852 7426
4923 3882
7306 6521
2696 1913
8921 4189
7138 3791
9187 9077
9653 9281
5238 1681
8834 8235
1935 1175
9446 7508
5209 3984
6455 5390
1159 101
6358 2061
5777 3915
4163 713
2896 1152
9376 8012
5228 1637
9215 7368
5874 5184
5125 1958
7359 3867
5212 3462
9700 8638
5873 5810
2045 743
2025 1119
9849 9422
8644 6012
4883 1540
9492 8796
9402 4441
4016 2607
4778 4164
8589 6049
3325 2829
3183 785
2494 2079
7096 6833
5560 4490
6039 5808
2781 1980
9262 6337
9192 7952
4291 3217
4121 3022
5822 5254
8067 3280
9667 6821
8815 4825
4151 2835
5003 4245
9383 4420
9176 7839
6171 3448
2661 2558
6261 6132
5781 4978
9379 8832
8293 7632
8270 5668
3772 2606
6938 3610
3454 979
3482 3388
8456 6760
7873 4474
5401 3919
5644 1627
3569 3280
9152 5882
5435 1451
9208 8490
5389 2288
2001 218
3102 3016
7426 7175
8352 8162
5656 1331
6099 5208
8589 6835
7539 6976
8021 5402
6553 2936
1764 991
8626 5757
1715 1710
7917 6515
7160 3336
5786 3339
9526 6437
6094 2649
5701 4376
1483 516
8400 7899
9231 7829
5043 2486
5095 4675
7245 5371
6584 5385
6263 2357
6793 3412
8991 4132
9338 5011
6402 5838
9262 7176
9509 6075
9686 4856
9741 7413
9102 4813
4746 2149
9579 5267
3672 1386
7582 6678
7543 4974
1361 225
4429 539
4425 1875
5771 897
5228 5142
6521 5311
4141 1748
6565 2587
3519 389
6173 5477
9845 7104
7281 4807
2161 1373
4580 879
6243 4768
7391 4904
9877 4927
8073 3334
5679 2270
4469 2568
6106 4872
3681 939
9831 5229
7348 4056
5213 4292
6181 6016
5286 2390
4984 1877
4089 173
5863 5051
7954 7685
8068 5829
8125 5816
2033 1368
8112 5554
8845 5447
5237 2201
2911 1787
2117 386
4596 739
9558 8250
2478 2140
9438 6870
5129 839
4896 724
9952 8420
4185 603
3152 739
4267 1033
6356 6269
2903 2659
9312 8527
4434 3825
6887 2457
7196 5368
5547 4914
5864 1686
5497 4315
3147 114
8841 3915
2124 1199
4391 1978
3936 3470
4640 1942
3480 2692
6368 5479
1304 141
4031 1537
8539 8296
7551 7524
3797 21
6141 5877
7737 6258
3932 489
750 483
1666 651
9436 5801
3141 184
4385 2321
4216 3270
8895 8636
3281 1149
6799 6515
7887 7863
5481 1670
1427 364
9875 9780
9961 8750
6796 5916
8334 7176
5589 5564
4661 3793
9319 4705
7465 2478
9477 6233
4962 313
6831 5334
7403 7031
9184 6370
2188 1920
5233 1648
9088 6073
1789 1174
6978 6184
3230 1966
8245 4495
2311 1390
8583 8145
5115 3967
5182 1057
3870 1427
9437 5205
3690 2315
7743 4126
7399 7023
6873 4077
2384 2258
4749 4452
8988 4265
3810 1844
9984 9231
4198 70
1106 447
7698 6507
7193 6423
4489 539
3370 1742
6629 2031
4303 2643
5523 3261
5378 2132
5533 3107
3435 1221
4861 735
6227 5486
3680 2043
3995 2402
4900 1894
3345 1704
4229 3454
9427 7438
8700 7102
4882 3278
8373 4106
5461 3427
4418 386
6512 2334
8743 7080
5718 2217
9293 6215
8191 6471
9215 6135
7695 6725
8109 5824
7437 6034
8377 4517
1748 1318
5796 3435
7775 4715
3319 1635
8178 3976
2898 482
8725 8071
4677 4273
9641 4874
1807 89
321 258
6674 3462
8984 4779
8897 7056
611 485
4432 2404
7102 6538
4880 1902
8816 3900
9804 7493
9031 8260
6196 3419
6589 6531
8951 7330
7111 3545
6153 4397
3586 2756
7148 6864
8937 4981
7741 4093
6288 4707
2872 1416
7832 4585
3355 122
5755 3090
6964 5650
6232 2778
8123 7814
8709 7300
6490 3680
7993 5603
7858 6237
7414 4414
7171 5157
5037 1480
8940 8632
9702 8942
7335 4328
5856 2265
6934 3036
4986 350
4996 1601
5433 2556
9442 6505
3657 2420
5391 2810
6316 3688
5100 523
9487 5563
4210 1260
6632 4812
7989 7058
7930 7205
731 199
6336 2432
2325 1640
3638 2765
6144 3086
9840 6077
1527 26
2254 511
5131 4553
7125 5774
9457 8353
6275 4583
3963 2426
7449 3850
1996 363
9220 7381
4502 2043
5721 3801
4069 821
4766 3429
8567 6057
6973 6030
8035 7291
5079 896
2623 904
3982 3248
8280 5706
8080 6968
5558 677
5827 2845
8542 7928
5062 786
9366 5812
5450 4957
2243 649
8086 7009
5374 2302
3232 591
5422 3265
6501 3375
7691 2979
3186 886
766 75
9951 6896
6365 1842
7323 6184
9960 8625
4203 3026
9713 7093
4017 2070
9315 6475
4828 459
8564 6891
5784 4245
4782 3945
4325 4250
7511 3640
5061 2830
8691 7284
7261 3944
6614 5136
5339 422
4556 1008
7300 4305
5772 5585
9668 7779
5917 5749
2138 1792
4617 2841
3856 559
7942 5738
7207 2599
4611 2174
4287 1418
6433 4406
3004 2421
1790 30
6360 3208
8671 6249
7180 4948
3336 1700
7279 6965
6223 2987
8122 4129
4851 1082
5617 1861
8701 3898
9492 8024
6121 2851
4819 4453
8237 4620
8585 3788
5550 2239
8064 7457
949 499
8373 5251
5577 3853
4068 3482
5283 4435
4532 3383
8480 7659
3583 1680
4318 2179
8586 4315
5291 2749
4898 4259
5318 845
7408 6779
4733 3937
3155 2997
9418 8335
7862 3317
5566 1935
5678 5139
7736 7228
4478 350
4691 878
7516 4177
9580 5020
7316 5202
7539 5050
6592 3413
4799 4472
3679 305
5202 298
4860 1493
7141 3498
8941 4178
6369 5299
4394 904
1685 828
3882 325
1918 1449
8503 4672
8204 7871
1092 406
2609 2562
3174 2285
6084 3293
9082 7786
8117 7177
3099 1030
7772 5196
4793 2960
6466 3830
4451 3972
5758 3403
5492 2333
3933 3572
9460 8922
6840 4624
9153 8036
8178 4493
4549 3960
9866 5117
8521 4014
6574 4254
9528 5039
5013 2236
5961 5050
2742 778
9481 7836
5388 4347
4650 469
6216 1376
4512 3479
3513 294
7870 4906
7106 2544
3057 2919
3340 1828
1906 1558
9713 7674
7224 3960
9282 8240
7204 3583
2454 2118
9074 7327
2744 1021
8208 3732
9611 6298
2686 116
9333 4496
6233 3200
3861 391
8999 4306
7340 7057
9220 8865
4854 490
3825 2703
9748 8293
8807 6956
7203 6768
6517 2942
9000 6943
8265 3687
7864 7370
1943 946
8718 4698
9191 6156
7444 6913
7127 6167
5179 947
3709 3339
7291 6052
9514 5381
6234 4616
1703 311
6294 4322
5882 2239
8647 5722
6452 2921
9187 7398
8878 8117
5504 601
5241 2881
3192 1422
9812 5053
7666 7413
5447 2378
5199 3184
7282 4678
6418 1567
6938 6385
7021 4627
4711 688
5065 2900
5041 4677
3717 709
7796 5640
5967 3465
8740 6802
4092 3250
4673 3333
8338 7600
374 367
4820 4476
3419 1371
8183 7507
6303 4125
6680 4576
2566 1405
9852 6835
5590 5276
8319 7848
4842 2916
9711 7630
2511 2263
4826 4756
8271 5430
1844 760
9174 5464
8111 6654
3041 24
9686 6908
2727 1582
7140 2376
847 215
9054 8808
9692 7646
6881 3161
9332 7230
8904 4460
3249 1283
5325 1210
4975 457
8296 4566
5672 692
5173 1047
4520 854
4435 1146
4534 3969
4585 2989
5988 2463
7531 4974
5156 3358
8038 7918
5981 3297
8813 4065
5539 3020
6065 2204
5343 4094
8049 5589
9599 5881
1905 526
6698 2473
6096 5846
5192 294
4443 1058
7381 4585
6489 2423
7087 4531
1137 160
6626 5196
7578 4599
5401 4082
8688 7969
3690 2914
2049 987
2315 1460
9194 7316
7855 7151
4695 2632
4848 4576
4999 2372
5861 3471
4527 3183
8446 3792
7212 4141
7147 2525
2911 2659
7983 3404
4494 1625
9109 8671
8024 7457
6189 4463
6672 4735
4152 859
4285 3270
5256 5214
3591 403
4720 3800
6356 3967
5093 1993
4782 2444
8714 6043
8923 6923
6154 6137
6461 5575
2725 747
1106 146
5383 3629
2474 1331
4946 1855
5139 1466
8169 4559
5319 2019
4161 2924
5826 5181
9890 6149
3410 161
7645 3915
7431 5175
7169 6085
6235 4371
4468 2237
4099 1843
9756 6468
1343 801
4633 1225
8105 8100
6227 3338
5387 1543
6604 3847
6131 3764
5738 2381
8941 6711
3373 2985
2697 1584
8906 6699
7785 7500
9727 6441
7211 5056
2899 1236
7977 6218
6229 5056
1612 274
2226 1100
6218 1656
8364 4645
7245 5382
6492 6311
4694 1896
2969 1852
4092 464
9455 5392
4934 4631
8946 7571
8670 6408
4581 4091
6135 4393
985 81
9347 8475
5239 1560
6923 2176
5474 4713
5760 1645
9941 6867
7457 5672
6758 3880
9219 8700
7829 4581
8174 7785
4975 1580
8072 7416
2639 1842
2952 2530
6855 4648
7951 3165
7086 4150
3765 3612
7075 5320
5337 1401
5357 4501
2340 820
2477 2128
9268 6247
9219 6183
2929 2104
1912 1063
3620 1799
7472 3844
8469 5239
8179 3629
8790 6151
8881 6875
3086 985
9750 7638
4474 3771
2349 1413
9982 8257
4726 2132
3957 1095
5984 5976
8395 8180
5507 4234
3747 1097
6230 3957
4961 1994
9877 9139
7624 2718
5796 5327
7995 5712
7401 5455
8721 4685
6241 1270
6528 5351
9036 8134
9613 5930
6464 4421
2669 2299
1836 148
6604 2358
7796 3066
3603 3549
4140 277
6158 5806
4883 474
2105 179
8480 4473
4968 3508
8109 4020
7818 7303
4273 781
8545 7132
3670 1043
6155 3463
6182 2016
5905 3871
7958 6801
6978 2233
8595 6065
8326 7523
7702 7391
4880 4532
4683 3778
2991 1434
6424 2584
5620 4643
8162 6447
9060 5672
7680 2803
7694 6912
7777 4548
7400 3507
5781 2419
6403 2332
2298 1070
6019 3756
5715 1276
8735 7855
6392 5140
8391 3473
2110 2089
6255 5401
6516 4874
4753 1091
4610 4117
5569 905
5021 3623
9228 7840
7037 6309
6730 6351
2608 898
2796 1522
5008 2725
7998 6557
3281 969
6704 4619
4812 4534
2706 1803
9675 6129
4699 4066
4219 3469
5473 4604
6508 6297
5135 629
6176 2550
4379 3442
8051 4747
7164 2764
7106 4008
9004 6734
4751 2704
8662 5460
6362 1402
9841 5010
3564 2455
9023 5668
4896 425
8123 6860
6470 2082
3794 1451
6798 5185
2152 1414
3177 598
4312 1311
8499 6035
3958 2625
9882 9343
4972 712
7076 5089
8279 7323
6103 3045
4823 2955
9567 8982
6274 4140
5313 4892
7445 5655
1879 1455
9964 5153
7560 5929
8083 6637
8460 3910
9836 6752
8310 6512
8077 3191
5098 1389
558 485
3623 1361
4417 4205
4832 701
8921 5402
6958 5378
8288 7688
8315 4751
3032 1799
9968 7863
9057 7788
8297 6264
5642 3670
6255 4717
9176 6087
5834 1337
8971 5621
4135 2151
4522 2397
6671 5443
8002 3068
4963 3692
3374 522
5529 5392
6760 5325
3951 3536
2037 797
3785 1881
8152 6490
9706 9306
4890 326
8587 8366
4706 1810
9086 8262
2704 813
5360 2501
6722 3579
3325 1455
7824 5590
3846 3276
4224 478
7651 6722
4685 3489
7825 6062
6641 3175
6153 3426
9229 7096
6637 2013
8580 6288
7523 6713
9250 5454
8551 8266
2791 1818
8393 5299
4252 3064
5151 3776
7765 5018
6451 3688
7488 4818
9788 8026
6146 5513
3031 2937
9449 5727
4373 3619
8796 4183
4075 1370
3056 1499
7523 5866
6571 1876
5889 3944
9772 6801
8361 5755
9813 9467
2966 1408
8095 3311
7872 4391
6360 6033
6143 3583
4749 1723
4998 4526
6455 4522
2180 1263
3578 1869
3480 2172
3132 421
5227 2975
8474 4438
9622 4893
7853 2919
9881 7817
8497 7391
3526 3090
8365 4752
4484 2368
4263 125
9796 6130
3382 2169
7154 6620
5130 2363
7869 6245
2182 377
8514 3600
9969 9831
6866 5916
9415 8352
8342 7200
3501 2493
8970 6598
7277 5909
6759 6429
4801 3223
5090 1523
8080 3752
3242 2557
4267 2296
2422 1528
1717 1554
9454 8543
5557 2585
9431 5361
4805 1735
9562 9323
7248 6827
9764 8338
6863 5724
4601 506
4509 4385
4406 1600
5608 826
1907 1749
1732 1042
9328 6457
3146 1470
8877 4482
7636 6705
8368 8188
5394 2818
9427 7091
7882 3916
5868 892
8416 7829
1805 1521
9821 6772
5630 5382
7089 2966
9728 9201
6172 3182
5168 4350
6611 3217
3349 2944
4068 2423
4973 1487
3779 2087
634 37
7251 4216
4498 1718
5371 975
5568 1016
3434 1697
7021 2199
4095 1352
8507 5489
700 154
6104 3908
9031 7906
6134 5093
3197 841
8581 4925
9279 8031
5769 843
3238 1960
7707 2745
6473 4011
9150 4293
7412 5041
6015 5277
4679 2095
6752 4328
784 53
4304 1503
8637 6232
9636 7515
8463 6575
4143 1395
6031 5889
8231 6005
5206 3705
6342 6314
6252 4380
4961 2870
5944 4032
7628 6640
4787 3874
4290 523
6003 4873
3124 2554
8272 6855
9121 7787
7648 4435
6012 1019
6769 2759
7892 4629
4620 522
5789 4551
7991 3368
6683 1952
3930 1181
5866 1744
9151 4789
6483 4453
2040 498
6336 3018
9665 5892
2397 2324
6560 3279
5266 2397
2631 1187
7038 3780
5108 2585
3846 1361
9275 4899
6778 3963
1219 306
7717 7161
6353 1662
7808 4226
7014 3919
2341 1080
5825 1428
7810 6444
6590 4982
9223 5157
2648 520
9114 7506
4148 1163
7647 6094
5625 1539
3787 1677
8582 5502
4795 501
5843 1064
7362 6859
3767 3166
3935 3487
5356 1127
6378 5782
5696 4613
7299 5710
2841 178
6053 1264
3885 1571
6554 4188
8207 7468
7943 4674
8766 5201
9583 9192
7330 4909
2662 1888
7634 3353
9287 5015
9238 6402
1754 1633
9054 8965
8664 4753
7600 7296
8874 6274
6343 4327
9825 8764
8678 8603
8263 4254
9315 6088
6238 2018
8826 7482
5680 2406
3541 1269
5880 2455
8032 4513
5351 2876
3243 764
5796 1627
4350 86
8900 7248
3869 1999
4962 4156
9249 5907
8839 6559
7672 7533
9487 5149
9530 7716
3519 1093
6981 2585
9642 8171
3699 2811
7297 6355
722 124
6194 4234
2218 417
6470 5953
4998 900
3871 3290
7290 2297
9357 5388
3278 278
2647 1408
6645 5719
4229 4147
9184 6501
6668 4136
9873 9325
9037 4108
8158 4593
7244 7036
5827 4208
6533 2265
7547 4252
9922 9918
4802 2171
4788 352
764 703
6071 2520
8379 7704
5600 5560
8788 7879
664 548
9824 6723
3352 940
3517 3228
1626 50
1273 299
7853 3970
4899 1944
7308 4298
8543 4981
8943 4770
4752 2310
1553 35
8006 7564
9694 8899
9285 5540
8879 5899
7228 3448
9080 7010
6953 4294
1584 1081
3365 2443
4373 4164
8567 5093
5946 2846
5395 2858
4522 1442
8530 4150
6728 5984
7823 3664
4484 1195
2846 2569
1160 269
7658 6336
8859 4127
2419 1328
9923 9147
2996 442
5525 5370
8240 3799
9452 5052
4452 886
5170 4212
9365 6107
2173 1575
7965 4933
9414 5908
2654 1329
6633 5873
9559 8536
2764 701
7285 4562
5011 2029
2827 2812
4065 2263
6029 5312
9814 6184
5551 4210
9724 7165
8078 3079
5697 1613
3262 2035
9195 5022
9437 6574
9273 4736
7257 7113
7713 3896
5637 1654
6610 2838
8471 4626
3574 1290
8600 5986
2317 668
5283 4834
7919 3128
1522 365
815 429
9845 6682
7884 3599
2635 744
4247 2525
4519 3082
8963 4586
5913 1391
6470 2570
8893 6239
8126 3262
2129 2021
3170 1292
5159 2541
7499 3482
8037 5558
4755 2802
7328 2541
6879 3533
5267 891
5146 1668
9773 7311
7156 5401
4681 2755
6615 2199
8391 4841
7370 6872
763 580
1103 213
9210 4628
8304 4154
9741 6887
8237 6993
7782 4739
9711 6594
6770 4635
8459 5913
5194 3686
8585 6331
1822 819
6759 2491
6443 5572
4873 1216
8570 5942
3790 883
7315 2658
3372 2479
5573 2137
6891 5347
3087 1748
2547 892
6574 5052
8390 3760
4046 3124
9026 4954
4884 2387
8921 6246
9054 7171
5482 4620
8372 3469
538 238
8119 4832
9854 4858
6033 5169
6972 3043
8604 5258
3474 1052
8538 6933
4431 3192
9366 8953
9232 7875
6625 3947
2447 2406
4016 2358
9770 8101
9470 6698
9732 8664
5843 5425
7039 5384
2902 2244
9851 5663
2318 144
3648 1604
4980 769
9732 5857
7783 5643
1256 384
8450 5906
8929 8512
3097 2920
6891 6467
4650 2352
1627 1160
4576 3265
8570 3831
3955 664
6982 3638
7105 4819
3542 3237
7376 5668
7558 3652
7872 4777
3092 2906
7074 4489
9805 7175
5570 3966
5849 2304
8607 3833
4542 962
3837 1790
9370 8832
7294 3574
1483 473
6600 4980
2752 2147
7831 5993
3505 1193
5184 2715
6920 5298
3196 848
9086 6822
9847 8709
4575 2078
6772 3995
5905 5031
8474 6282
4907 1986
9917 8798
9930 7954
8089 3285
8228 5407
6067 3732
8477 8392
8251 5085
6751 5722
9158 6272
3669 2192
3335 3225
2599 2114
7084 3181
9882 7891
7323 6377
224 23
3254 1994
8970 5893
501 323
6428 1781
8873 8634
6138 4967
9961 6160
3787 3416
4207 2695
6777 2301
3022 34
8368 5614
5373 4541
7035 2606
2834 781
7277 4363
4176 664
9755 4913
9588 8086
8891 5673
3024 2375
6496 1843
1938 1936
4630 475
8071 4726
6034 1828
6006 2802
4454 2871
864 703
8505 4034
7775 6828
8014 7001
5583 5251
5795 1914
9250 4898
5880 2153
963 581
7745 3873
8635 5668
4762 1078
4574 2808
5406 3420
7699 3935
7695 5124
6736 3703
4384 4177
3783 3419
4499 4454
6049 1101
4198 2608
8627 7828
6246 2716
6248 3420
3728 3207
2129 283
9459 5405
8458 8252
6848 4080
3347 314
9772 7011
7320 5385
7459 6445
7974 4921
3691 1259
8657 4624
6463 4918
10000 5769
7354 4932
5182 4632
3986 2049
8904 5907
1977 121
7279 6118
2967 338
4760 3575
4395 2914
5285 640
2655 1201
3404 640
7594 3681
9733 6228
8464 7640
8980 5789
9293 4370
7059 2811
9693 5468
6166 2958
4269 899
9063 5873
6756 6713
6465 4999
8899 8058
7279 2551
4030 1983
7759 5386
6386 4410
9624 8754
3634 117
6735 5766
9742 7952
9201 8509
6409 2582
8033 6073
5467 2557
7003 3688
9766 5162
3818 2450
8189 7450
3789 1225
4006 310
4843 2017
4110 3759
3424 2280
7027 2951
9617 5987
9469 9229
5698 1027
9694 7892
7801 4803
6416 2833
8694 7715
4591 1114
6830 5699
6175 5357
2276 921
3226 806
8782 8272
9616 5098
5879 2133
9558 5040
9233 5965
9449 7330
6511 5034
4289 2127
1732 487
6355 3690
7354 5894
7887 3569
7551 7033
7696 7118
6183 2508
8896 5384
7145 5988
4701 759
9370 5746
5967 1790
4569 3367
9889 8183
5578 1120
4137 2495
2857 2016
5293 1195
7918 5931
6098 1473
5734 3522
6483 6270
7124 3490
5246 1896
6114 5177
6240 3344
5859 4136
6418 4204
8239 6926
9111 5571
4601 2586
4309 743
4585 1548
6209 3493
8744 5622
9708 5390
9640 6467
2344 780
5661 866
8245 6801
6299 3719
6668 3795
6574 5788
6293 2410
7063 5530
7516 5967
6509 4681
9150 5735
4840 1841
5463 3728
8042 7089
3130 508
2324 401
3097 2462
4899 712
5307 4333
8400 5747
8477 6341
3029 1520
7767 3527
9252 6128
6421 3530
7470 4029
2810 643
3357 2402
4777 1283
1939 1803
6734 3845
7877 3826
7427 6549
8266 6001
4498 4290
5565 5354
5173 951
6739 2035
7221 6784
5374 3365
4729 2499
9167 5457
9461 8322
8909 5219
5303 2281
3649 2723
9577 5708
9224 8721
8289 4375
7294 6247
9176 8828
9352 5470
8017 7779
9387 8138
4817 569
9759 7073
4517 2973
5816 3685
7371 3202
5701 5395
6863 6320
2126 1721
5527 4980
4791 1511
8025 5341
8874 5895
8687 5955
4777 59
7634 5786
6049 5890
9640 9191
8888 8363
3032 2664
740 420
2502 506
8264 6774
4571 849
6921 5033
4236 3989
1463 1327
8270 4394
5507 2014
687 267
5372 3542
4102 1501
4634 882
9685 6170
9307 5889
7591 6432
8919 6778
4603 4249
8458 7426
2765 482
904 738
5562 1538
8145 4466
7007 6864
5912 5662
1947 1036
8353 4598
7289 5370
4819 2027
3319 3304
2969 2101
6662 5724
7215 5775
4836 648
8684 6543
5277 2592
3277 1462
5187 4907
3411 2282
6971 2374
3838 3458
5583 1361
7256 6526
1007 874
9944 5623
8619 4780
4102 799
6575 2429
8969 6107
6254 1668
7917 6914
9747 4760
5140 4193
4946 3465
5185 3102
1177 640
3073 2240
5478 616
6235 3163
8410 4489
9403 5668
1466 62
4366 584
9442 9191
5912 4941
6640 4139
9487 7021
9869 5538
3530 2308
9547 6206
8081 6148
7447 4587
4426 2767
6527 2371
6897 3439
7583 7162
7238 3002
6991 3418
7212 6129
8082 5593
3956 3208
9578 8018
3737 730
8708 7588
6168 4765
8575 4583
6955 1994
6293 5973
7984 6046
2499 1811
5432 846
6656 2359
8029 3111
8126 4096
7832 5367
4353 3506
4711 2807
9556 9249
7436 5223
1314 347
7770 6139
7657 6233
5412 3643
5783 4249
7855 5048
2659 130
8014 7885
8536 7410
3274 2493
7099 3926
2048 1596
1371 548
4337 2908
2350 1518
9906 9223
5223 2821
7706 7657
8172 4397
5734 3368
7874 3547
2548 2259
5043 2136
7746 7199
4640 4543
9409 8667
1620 445
7068 4525
8478 7925
8737 6846
9538 6747
5449 826
3499 690
4564 3338
8869 5844
7112 6477
9434 4447
7034 6380
3855 3133
5237 2026
9401 5463
6372 3030
8958 7158
4227 2548
6752 3840
4017 1462
5582 1269
6850 6189
9931 8738
1760 19
8332 5117
3873 154
7526 6458
6361 3200
5204 3791
4315 909
5032 415
5195 945
9165 5961
5377 2760
4004 1596
8780 6704
7248 3906
5819 5404
6061 4622
7697 6937
7902 3685
7149 2599
4477 1046
9651 7408
7959 4061
8769 8081
9953 9209
8076 3489
6695 3315
5456 1749
3430 3014
3711 271
9239 8406
1814 664
9282 7708
9224 5704
5606 3294
7325 6566
6500 2178
3096 555
3853 2233
4639 632
4602 3548
5294 1043
7486 4245
7544 5164
4040 2235
7224 4096
9488 8636
9262 5231
7947 4836
8332 4643
3506 1944
7170 5653
6104 2824
5285 3654
5542 1932
4750 2836
3979 1235
6010 2123
4717 3087
5189 3749
8747 6523
7490 7290
5559 5018
3083 433
7764 7540
3721 3526
8440 4458
7092 5909
9734 8099
8519 7278
7008 4996
5574 4804
6825 6619
7400 4230
5117 2563
3536 517
4753 931
6428 4520
4473 1719
5331 958
6850 6151
5355 2185
9402 5688
8604 5357
7982 6136
7025 4575
5298 3296
7818 7587
8223 5026
7022 6092
5251 3370
4449 2094
1916 947
8726 4582
3840 1648
734 616
9920 5209
3990 3373
8882 4639
5312 1051
9198 4947
4210 612
9331 7400
7674 6382
8523 6197
9728 8463
3192 657
9705 7270
6961 3608
3156 1670
6873 2662
8513 7797
7022 5324
6460 4897
8382 5187
5475 811
4855 657
9349 4787
9914 4996
8922 6434
8385 7199
7922 5640
7331 3963
8679 8137
3318 1997
8474 7131
3992 1691
3401 925
6882 6700
4853 2362
3526 2573
3777 2697
5437 5096
6758 3846
6350 3811
9147 7844
6676 4640
4680 1775
6411 2678
4660 47
7736 4612
9948 5040
9147 4878
7374 7205
4862 3169
5706 1548
9185 7245
9491 6056
5463 1854
8476 6105
4387 75
3153 1723
2803 949
4781 4014
3572 1580
4924 980
7357 7085
1974 1807
1039 1023
4513 4249
5661 2540
8179 5909
3804 979
9944 6819
6410 2816
7238 7195
5783 3455
3285 450
5351 3094
3499 2457
6686 5137
9299 7418
9630 5616
4931 3039
9319 4958
9194 6250
5848 2312
2923 94
1221 679
5445 3877
5872 2095
5193 1932
7542 3903
8045 3296
8102 7333
9531 5026
2253 105
5214 2042
2163 1662
9739 6767
3132 283
2680 488
3460 1400
9093 5438
6673 4515
9835 7531
5834 1479
4773 1649
6944 2960
3473 651
7138 6622
5356 4257
3494 2701
3671 3409
3112 1996
5148 3903
1571 294
5124 4478
7183 5570
7627 4214
5519 2935
6258 5262
4869 508
5976 3396
7704 3206
3233 2910
5951 2425
6982 6959
7463 4940
2406 1565
3131 1125
8368 5207
6199 3580
3237 2726
5394 2889
6080 2956
7074 5732
8946 6227
7914 3288
9550 5532
8849 8377
9774 7876
9779 4839
7377 2440
9552 7468
7932 7161
4260 1166
9117 8154
6903 2314
2927 185
6373 5827
9652 8603
3709 3032
7583 2696
8498 7315
4396 334
349 54
9583 5242
3714 1669
7682 2785
5990 2049
6623 2917
9613 4793
7171 5937
5398 631
689 381
5969 5291
9201 7539
9156 8221
6222 6067
9763 7828
3409 1365
5238 3580
2363 257
5939 960
3346 443
6538 5799
9773 8138
3785 2386
6770 6708
8924 5609
8643 4798
5355 4432
8266 4465
7039 2342
6708 2900
5205 2620
5085 3390
2841 792
2569 1891
9852 7432
9007 8179
9410 6896
1938 1837
3665 3032
5959 4587
5394 4519
9077 4373
3351 2930
4632 1389
860 162
8267 5680
6238 1288
4044 1744
6215 5796
5962 3221
3387 2938
2858 641
7062 3450
4808 4126
7690 2733
5381 3869
8457 4108
7329 5959
4716 2517
4171 2515
3357 2801
9019 7836
7992 4204
5642 1406
5582 1077
8508 4682
9634 8312
6453 4703
5584 4478
4349 2444
4424 1117
8049 7303
2671 2264
8114 4844
8829 6751
7461 7037
6110 5284
2354 1323
6195 2202
6521 2728
9685 4737
7150 5791
7861 7285
7535 3794
9703 6103
3129 1951
5505 5027
4579 2991
9669 6516
6486 4520
6215 3978
3881 1187
3771 3345
2181 733
5369 2712
9320 6720
4958 4646
5327 452
6331 1797
6434 6129
4707 3176
1867 1143
3019 57
8696 4765
3180 2568
6207 3404
9957 9714
6350 5753
4151 3155
7463 4439
7341 4001
5633 1651
8824 5087
8534 7125
4114 3611
7681 2689
5758 3815
7634 5775
8635 4016
4959 4630
7657 3645
7462 3591
9466 7709
4408 1219
7999 5631
8962 4416
5258 2040
3581 584
5190 1634
8915 4629
4466 4419
3294 913
9859 7036
8700 5435
5709 4470
3203 1776
7419 5211
7696 5492
8470 6025
7279 6802
3524 3039
4852 490
7341 2376
4667 2719
2530 1234
7478 3840
7998 4960
770 728
8141 4708
7601 6727
3601 1596
8911 5554
7161 4910
7842 4423
1758 1713
5827 3931
4604 2476
4349 358
3566 3408
6577 1806
1688 1149
1843 1493
6831 4057
5156 3785
7487 3958
3679 201
9289 5454
7831 7414
5137 3956
5045 4456
3898 3591
2447 122
3428 1033
6894 2091
2884 1620
4648 3012
3045 1850
7364 6969
2451 789
9904 5098
1345 963
3137 190
8447 7572
7896 2963
8346 7587
8793 3825
8482 7310
7526 3705
9156 4431
7741 4738
5302 4181
9177 8748
7418 7344
3281 1576
5094 4333
4762 4388
6698 3355
4070 34
4311 1109
7104 4674
6429 5890
8370 7010
717 74
5485 503
4670 3431
4441 3480
3895 2044
7208 4373
4559 1515
7824 5256
2494 2227
7357 2818
4940 612
6713 6166
3499 2841
9519 4744
4654 740
5146 4310
2265 358
2384 820
2327 984
3403 2859
2058 1182
9569 9114
8139 3567
6041 1835
5062 865
2368 1926
5429 4675
3139 581
8523 4688
9193 4461
3269 1661
6414 5547
8071 5285
7454 6032
6490 2668
9371 8700
5489 3928
7985 3640
9035 7256
6203 3392
7489 4933
8284 6672
7360 6888
9078 6282
8068 3549
7506 6554
7547 4629
4093 3809
3552 3362
7508 5983
7828 3776
2352 1218
9051 4787
5232 486
6052 3818
5759 3062
7986 6411
4344 1255
3753 1387
2500 2300
9425 5513
8679 4294
6252 5724
6897 2471
7278 5984
3037 1526
8816 6309
1222 693
3160 539
2296 2217
9283 6075
7023 2444
5760 1453
3705 2352
5845 5805
5594 4580
6771 4645
6647 5271
6610 2867
6823 5919
5646 1746
9610 9348
9970 8039
4660 877
6193 1711
6276 5817
2441 1395
4181 1514
3927 1938
4468 3231
3015 1445
6623 1851
6336 4439
8542 3690
8107 4581
7129 3898
9745 6227
3472 1059
8812 5163
8322 4710
2076 1905
3841 507
4426 534
3566 934
8964 5928
3025 2314
3307 1061
5027 944
5509 4881
1222 1060
9157 5640
6623 4359
3011 1601
7032 4711
6237 3384
9420 6605
6606 2651
8936 8229
6209 2706
1700 79
7140 2883
1800 339
4756 3132
5398 2530
3104 2622
5491 1100
8770 4728
4097 2314
3980 2948
7419 2495
9825 8674
6299 2494
5385 3382
3219 1187
6531 2842
9564 8311
3059 269
2870 871
9928 6411
2222 527
7896 3431
4703 1844
6929 5386
6612 6015
5658 2804
6309 5751
8478 7384
3959 123
3942 671
4163 1671
5826 5457
6252 3445
4822 591
8656 5332
7777 7099
7517 2859
3574 2436
4836 4793
9201 5201
7346 3955
9595 5311
5044 1939
3303 1303
9274 6003
7132 5382
1802 605
873 23
7415 3577
9315 4894
3115 2716
1316 746
3249 2603
1101 995
5811 3700
5430 4111
6924 3856
7306 7282
7105 2190
4100 738
8495 5505
6029 5094
9602 9038
1350 82
5499 2422
7412 5337
8933 7674
4401 2281
5639 2905
8394 7797
4786 838
5120 2083
8183 6475
7798 5072
7140 3712
8780 8554
6099 2764
3673 2330
9596 7799
2976 2256
9311 4949
8310 3379
8248 3795
4164 3469
7804 7232
4462 3779
5204 3716
9960 9044
4590 2608
2781 178
9765 8116
6281 4717
5365 5105
8042 5734
8452 7928
8273 7426
6217 1927
9060 8687
8131 6104
6540 5986
3964 630
2421 834
5889 4659
8734 5621
5193 4133
6554 3054
6092 1342
9389 6058
1020 270
8800 5098
8265 7478
9058 4926
8938 5544
6205 4190
6072 5365
9258 4926
9788 4944
8007 4477
8317 4793
5299 768
5315 3265
4340 326
5730 2743
6495 1826
9990 9487
6284 5043
7422 3746
3310 2591
8585 6548
9117 5056
9978 6495
4042 2742
6712 2461
5791 4527
9363 8510
8028 3291
2741 766
2984 630
8066 8015
3861 355
1465 167
2961 990
8690 6614
7543 6513
928 711
4600 4427
2292 1627
3623 685
6806 5378
6670 4601
665 593
2971 2762
8441 7938
4974 3838
9668 9124
7653 4161
7108 5207
9346 4482
6547 5764
7433 2466
8816 4942
1720 1498
4127 1073
7614 3556
7825 6369
8471 7632
6436 3092
8495 3927
7616 5030
2049 1773
3790 845
9732 6937
1419 478
7764 7320
940 723
9701 5812
3955 428
9514 9031
3111 1808
8980 6059
9237 7586
3079 2414
7806 6360
7603 3597
9941 9395
4047 3158
8228 5927
8681 5435
1385 1109
4545 932
4320 1244
8592 4125
3538 1742
1887 1800
2651 2099
9846 7060
6213 5538
2782 1083
1396 708
9783 9424
9449 4959
6526 3618
7153 4231
2786 1973
5481 3962
9178 5514
7832 6155
8284 5166
1131 196
9634 6526
9597 7345
3262 1539
9789 6747
2351 1570
3473 2679
9497 9369
7406 6764
3405 1653
9583 5486
7839 5674
2489 515
1666 237
7493 4928
9728 4823
3401 2906
7445 6835
5506 4683
6158 5719
4327 2633
1716 464
5390 4808
5030 106
5451 1480
5633 1021
5130 1435
8520 7892
7624 6039
9830 5821
5082 4287
7598 6933
7381 5244
2261 2198
6010 3760
9643 8324
2008 94
3041 46
4448 3840
4011 94
2905 1379
7133 4800
3117 392
7165 3365
8612 6837
850 375
2680 279
3320 1602
4147 643
8403 6252
4826 2356
5643 3966
3680 2670
8619 4274
3135 1022
7380 2797
1928 431
4859 3534
4472 2852
8796 6261
6231 2269
8871 7042
8497 6663
6226 3436
7386 3729
7435 4662
8719 4108
2731 1351
6263 5556
4210 3710
7480 2748
3577 904
7406 5766
9241 8804
9771 9181
7841 7341
6602 2549
3044 1953
1320 547
3886 2592
7624 6342
2872 2417
7722 7642
8162 3368
7837 4132
5478 4049
7566 6287
4717 2621
9314 7799
9861 7109
2309 1586
7069 6729
7173 3181
5346 2720
3740 2355
4568 1680
3476 1244
8857 5941
9173 5395
3728 3687
6724 2984
2288 181
9272 5854
8331 4260
3454 234
9727 8499
4669 709
7749 6128
2340 1069
8839 8115
7417 6574
6593 6087
6067 5186
6964 4606
6752 6071
5503 5370
7302 3247
9964 9081
7023 3366
9597 8858
9828 7492
4309 1792
1381 752
6637 1934
1273 676
7398 4907
4105 2846
9105 8023
4844 4783
7667 7144
2941 359
4804 4440
7474 4166
5541 4010
9209 5465
7354 5793
5667 1888
726 139
5225 3198
6479 3015
6992 3046
8748 6887
5082 3619
3218 2798
5926 1402
8791 4012
4288 753
5032 3301
2984 1781
4607 3688
9219 6518
2553 1892
5228 2311
5025 2722
5144 2692
8429 8110
1518 1103
6180 1309
6926 1938
2122 1610
3900 2712
2046 246
3070 1987
7049 7046
9307 4823
1741 515
8567 6552
3449 2285
3521 1075
8302 5468
7474 6740
8713 7231
8132 6317
1605 1326
8976 6482
1977 922
7925 6823
2331 1403
4342 2302
3499 300
6202 4697
4253 1626
9111 6436
5349 3127
3347 1549
3617 1702
8066 6321
7115 2902
3906 664
9933 5546
5391 3102
5872 5637
3531 113
5232 234
9906 5832
8489 7702
7488 7105
7600 4854
5171 3954
4178 2614
7806 2897
8303 3340
8851 5667
3622 1111
7892 6837
7028 6979
7517 3310
1639 580
8691 7345
7276 4329
9675 4719
7728 4376
8023 7347
7209 2708
3534 1762
5996 3026
4069 474
7369 2533
708 525
6295 1830
2175 432
6081 2936
9787 7049
5417 3149
6982 4118
9286 7810
5101 1842
5202 3902
8863 4069
6656 3118
5861 3438
4589 2158
8373 4399
2684 185
4225 3381
5559 5080
8106 4946
6176 5893
5134 2397
7075 2414
7490 4925
8739 5073
4396 1714
9267 4699
5345 4823
3287 960
8001 3355
6607 4305
6638 3994
9114 6442
9637 4924
9192 4871
3664 926
9761 7451
8876 8236
4774 2160
1311 1285
6198 4052
2816 1756
4256 3383
6114 1133
8219 6895
6780 3921
4999 2854
9292 5390
9538 6046
4184 2981
6172 4625
9448 6654
3229 2437
7460 6723
8991 6779
2914 768
7208 4240
7218 5707
1527 1040
3561 2041
5210 5026
7582 3759
3592 250
5217 1530
2275 1172
7046 2931
4251 1081
6264 4665
8996 8989
9666 7541
9768 4979
5943 4414
8459 6565
2494 2121
9343 5646
9665 6987
9171 4655
7048 2070
2246 2165
4376 3926
6299 2381
1923 193
6540 5233
7370 3967
9987 6451
5386 4350
1887 236
5339 396
5189 2681
4843 1888
6914 4482
8402 5720
7891 6622
2001 1491
4772 4119
2566 1912
5049 3509
3652 3208
4217 1414
6125 5461
8244 6184
6389 1762
9031 5909
6433 6050
8411 3989
5580 1914
6055 2306
4363 2572
8572 5099
5325 5065
2952 2768
7057 4427
3083 2995
5972 5009
6866 2838
4577 2512
6600 5788
2228 1912
8304 5339
5264 2339
7741 7534
9814 9090
2397 1069
9451 4794
8791 4858
2930 1828
6028 1293
2131 343
5181 5172
4923 2633
9453 6721
8117 5851
8335 5436
4498 1507
6610 5908
5721 3017
6247 3640
7078 6611
4469 3788
1851 224
1591 746
4906 3847
7114 3581
2427 408
8850 7817
3124 419
9823 6578
9297 5925
6279 5396
7712 5850
9009 4868
6208 2002
2585 912
2463 2243
5212 2036
6601 3607
6417 5362
9147 7741
9719 7374
9658 6100
9682 8195
889 874
5336 929
3942 321
8432 3951
7597 5928
9213 7607
3291 2283
9483 7264
7738 3880
2596 1453
9959 7566
8890 7997
8436 3565
8876 4292
7405 4792
8769 5921
4035 273
1957 1169
8631 7687
4686 2982
5394 1376
8244 3316
4849 224
9721 8485
8242 3268
7388 2401
3003 2169
8778 5180
9588 8300
4671 4561
8789 8297
7334 5837
7601 4963
5468 5414
8517 4945
3576 663
9645 5748
4930 171
7595 3967
3052 2895
7368 2608
3518 718
6413 5974
5540 826
8690 6531
321 172
9044 6896
2914 1761
9856 8169
7305 2863
8215 3251
3171 3093
3655 2682
9509 7594
6533 4021
7577 3110
9149 6012
3323 1665
7999 7808
5964 4863
4543 2068
6042 3882
3430 726
8850 8322
3511 605
3727 3565
8419 5866
6108 5747
5571 1285
3496 3435
5096 4872
2179 1892
8704 7594
8718 7630
4588 4074
7872 6917
4864 2051
2321 580
3623 2228
9292 5692
4050 2564
695 551
4431 3075
3749 842
1937 661
9277 8690
9762 8320
3050 2488
3900 392
8740 6157
4287 2880
9016 7848
5156 1217
3583 2328
3659 2197
7643 5194
3233 1337
9201 5282
3216 893
9479 8210
6007 2039
5377 2177
7144 6498
6367 1461
5646 4687
7626 4070
7976 3558
7401 5333
9595 8889
7044 3263
8960 8621
6378 2021
6763 3464
8947 4690
5867 3273
5480 1416
7346 2704
4528 3369
6645 2896
8006 5878
6675 2006
5961 1288
9209 5636
4153 901
6162 5941
8148 6688
6746 1974
5514 4828
7224 6616
5528 3007
8593 6493
2731 1230
1049 761
8013 5547
5336 2125
5524 2873
1837 1266
3206 1289
7184 2319
5371 545
2266 19
7446 5828
6967 4562
5953 1407
7300 6416
8411 8372
8579 8181
2068 1032
4350 3821
5657 1426
6463 5004
5425 2136
5357 966
9234 6232
6233 4087
9777 8276
2943 144
5129 383
5492 1671
4191 3776
7745 5764
4390 459
5269 3113
9889 7874
4031 2709
4798 2127
3396 3156
8941 8555
6443 3050
9030 6813
7375 3807
5030 2378
3859 3717
6677 3226
2597 121
9922 4937
6844 5133
5086 3734
6143 1536
8658 5008
7013 2654
5746 1600
6114 3832
1078 735
1832 910
5291 4363
2378 1350
8251 6612
6898 4761
5590 956
2101 478
2993 690
9588 6970
8364 7549
5821 3337
5637 3482
7314 6155
5042 2170
9278 6296
9723 9649
9492 8842
6667 1923
9962 7193
8355 7142
7811 7227
7400 6987
4463 513
7483 3999
9023 5219
4890 1110
5128 274
4143 1363
5691 3235
5220 3027
3440 1850
2868 2606
4664 826
4451 3937
5862 4031
7743 6863
8260 7365
4320 3158
2820 2614
4491 3365
3604 2396
8576 6003
4900 4584
9388 7493
2000 1261
4747 3865
7724 6815
8896 7503
7904 5079
6564 2981
5378 3360
9600 8007
6086 3883
3644 198
3888 3884
5261 605
8020 4528
3326 225
2161 1869
9702 7439
3710 715
7959 7641
2657 260
2505 2272
4366 744
9766 9368
5774 4178
6928 5675
5790 1242
5667 953
9722 8658
3369 498
4092 826
2183 1748
2523 1124
3974 1467
7880 4817
6065 5045
5239 2955
9332 7659
9638 5347
1730 1010
7183 3935
8825 7552
4195 241
7575 6404
3498 3383
8985 7996
8781 7668
7750 3390
8851 8393
4759 1724
9931 7582
4518 3624
2316 730
4992 4025
8651 4454
5786 843
5383 814
8937 4436
6668 4440
8936 4491
4849 1810
8836 8417
5463 3167
7261 4459
7486 5406
9951 6940
6284 5602
8269 5769
6237 4923
3458 3085
4712 4447
6624 5155
7276 4392
4969 3502
6672 4708
9927 6381
5326 1251
9031 8789
4777 3172
6770 3882
9705 5366
9890 6675
8413 4274
4925 4369
2655 2602
3438 486
8737 6637
2795 1749
7959 3024
4841 4175
3116 1687
2805 130
6280 5298
3978 2359
9645 5951
5725 2960
9529 4860
6731 4105
7961 6957
9399 8956
7162 4969
3860 3239
8017 4539
3574 1151
8637 6531
8529 6300
4839 2421
9753 5571
8686 4056
3155 1177
4977 2874
5403 3816
4833 1713
4178 4122
8348 6764
3155 1258
1427 1111
8519 7372
1007 136
6626 2831
4286 1173
4521 302
6619 4281
6372 1959
6379 3118
9577 6428
3762 2507
6557 2015
4366 205
9620 7185
9592 6925
8202 5525
9004 7239
6407 4635
4754 514
7388 7020
6675 5112
4066 2991
6618 3947
4659 1043
5338 2481
4150 2265
6481 2408
4154 3303
6379 4813
7484 3268
7721 4185
8410 6690
9136 4691
4020 1829
4344 3526
5282 1080
5614 898
7588 2911
8565 7814
8610 6713
7348 4795
5668 2800
8572 4920
3341 2539
3695 1023
6516 2948
3571 1553
4859 99
6664 4842
7601 4718
5417 1347
5798 1405
3998 1389
6250 4246
9340 5532
1754 1379
8223 5871
2054 1662
4812 4797
2897 1694
7146 4304
8556 5383
2390 1689
5006 1008
8328 4717
6313 6095
2322 2173
3202 1299
3395 2125
9759 5305
7325 3355
8803 6558
6336 2195
4056 2056
4188 3557
5921 1533
9003 4126
7947 6218
4406 776
3914 1844
5345 2121
9609 7922
2912 1367
6240 2349
8547 6160
6513 6015
8167 3991
7481 3910
6559 3226
9986 6056
9188 6286
3884 800
3434 1572
6410 1492
3738 754
1469 864
1517 944
6404 5743
6380 3096
5101 4130
8362 7179
7951 3250
7290 2325
6783 6626
1822 1110
6583 2125
7296 5758
6747 6701
1032 878
9941 5798
4062 2278
9565 9124
5104 535
4317 2366
3979 3884
3578 3060
9321 9025
9520 6942
8609 4318
9174 8673
7442 4544
7488 5997
8501 3729
9826 5624
6245 5535
9803 9473
4569 3516
7417 5851
4487 1143
7074 2300
8296 5303
2280 1869
4474 1669
6044 1834
4028 2445
6120 2170
5021 727
3769 3293
9230 4302
7695 4514
4173 3047
3816 951
9251 6078
6529 2307
9701 7182
4520 2342
2335 2027
5323 3377
6572 2833
5518 2589
7884 3582
3578 1716
5084 4043
1631 1315
8386 3990
887 150
5989 3337
8008 7497
8688 4670
5983 2273
5933 3825
4685 638
7972 7843
4084 1722
4096 3437
7730 4965
5692 3520
8740 6091
6008 4238
6440 3841
841 139
8785 8545
8820 7779
8654 5598
6615 6349
8285 3779
9381 6863
7607 5465
8070 6032
5942 3785
2602 447
8717 7155
6734 6094
8926 5948
7385 5578
8491 3975
5359 3768
7819 5441
7926 5970
5295 2253
2067 1170
8351 4408
5612 5479
2856 2733
4343 3660
3184 1341
8830 8219
7178 6143
6625 1779
1473 1289
6130 2919
4413 2754
6949 3375
8392 5000
9467 5365
6047 5647
3145 1441
4757 2379
6576 3442
7532 2678
4973 1390
7114 5973
3445 3041
9718 5781
4529 4187
5107 4193
7448 6496
8959 8373
6526 5589
7019 5074
2258 1317
1078 748
4801 323
3954 725
9498 6627
6323 2587
8320 5617
8610 3731
9682 6050
5798 5605
7489 5585
7743 6587
6296 5514
9396 6399
9423 4620
8383 5647
5805 5414
2741 26
9490 9328
7047 4533
6211 3165
3826 3239
5802 1526
6834 6300
7730 4644
9935 5181
8497 6649
9781 7882
2330 1555
8409 5914
5223 766
947 624
7435 5499
6656 6557
9988 8840
6947 4041
5713 1230
7644 6631
7782 6349
6584 5053
6646 5901
7346 5654
9489 8888
5744 3742
8408 5481
2893 2083
7590 2903
8858 8340
5120 399
9898 7711
9829 8225
7200 3912
5679 5610
5825 1673
7059 4454
9835 5524
5470 2564
8483 5811
8520 8003
3268 3126
3996 3506
5956 4141
2921 2122
9630 9620
5718 5233
7190 4207
8381 4375
6785 4178
8862 7698
7710 6529
7493 5056
9029 4518
8648 7839
4149 87
9325 6742
5965 3627
3895 2114
7776 4614
5155 4305
4088 2867
8380 6832
5958 1845
5226 3033
8544 6552
7566 6532
9287 6384
7314 3649
4984 2721
9021 8070
4374 4176
9287 4852
5211 4214
6428 1494
3850 232
9296 5037
9666 7617
7217 4576
767 529
8650 7653
7219 3312
7709 2812
3896 3618
6328 3036
3464 1710
9062 4586
8662 5432
6887 5641
3559 3270
4195 3626
8218 7244
3347 648
1936 282
2762 232
869 623
3177 1957
4607 1437
8521 7920
8625 3963
9561 7624
9395 9281
3844 2394
9432 6828
7553 3109
7881 5013
2982 7
320 198
7321 3452
3150 718
8778 6371
7755 4728
5484 4801
6802 4249
4791 4380
5606 4983
4406 460
7281 5124
8519 5219
9018 5117
7063 5688
5473 5201
5388 678
5533 1377
8537 5232
5267 4243
5166 2900
9218 5000
3185 373
7982 6650
2975 2700
3373 1785
5701 5453
8146 6183
9753 6227
9543 7558
3304 445
5955 964
9407 8599
5982 3512
5162 2346
8374 4649
8292 5714
2952 1672
7383 4930
3049 2601
8448 4277
7485 7440
9852 8374
9612 8149
5248 276
5998 3661
2107 1719
3975 2942
2706 1934
6189 3729
7150 6286
8901 7039
6244 4726
8356 6543
8905 7471
7302 4034
7413 4153
6802 2629
9841 9689
2422 1808
7290 5074
4528 974
1683 567
9248 6451
9647 5874
3424 834
7977 5910
4843 4351
5266 1455
2735 1073
8646 5613
4658 1065
8548 7627
9807 7883
6833 6496
2792 1829
6908 3653
4368 931
4947 1279
3414 2655
1334 50
3365 2748
9190 5008
8907 8415
3307 421
9029 7220
2669 689
8219 5648
8299 7838
505 310
1765 1431
9349 4879
6317 5724
6696 5691
1171 582
8112 5158
4534 991
1100 76
5103 1463
6503 5029
5836 4040
6401 6353
9967 6955
7774 4564
7467 3149
5194 4379
9337 8057
3657 984
5672 1822
9489 5743
6168 5050
3872 2011
2427 1937
8574 7537
4525 1484
7912 5619
6460 4917
6243 4826
4156 1084
3986 3510
6563 5473
5106 866
5087 3978
633 511
9633 9052
6399 1415
7037 3023
6659 5552
5820 5499
7375 5446
8623 7785
9854 5188
9358 5477
8393 6782
9341 6725
5498 4828
7741 4555
6468 1715
5631 1272
6651 3690
3990 1166
5921 1539
874 468
8531 8318
4085 3205
1074 714
7010 3543
9626 5172
7647 6101
7573 3599
4022 3915
9986 7979
2711 2488
7214 3623
7924 3759
5703 3355
5259 2550
7105 5498
7994 3379
4643 2171
9908 7433
7545 4588
1756 1633
4219 1551
7226 4452
4534 4038
4347 1758
4108 1246
7335 7254
4634 3266
1692 516
4473 1424
3774 2245
5380 1450
7218 4665
4813 722
5447 1328
7648 7132
9890 7719
7664 4461
9771 5090
6019 5732
6826 1991
9361 8184
3843 884
4581 3505
6765 4634
2846 1712
3724 1924
9241 4507
9342 7632
5005 4715
8716 8491
6083 4636
1657 475
5977 1771
2949 1591
4215 3963
9694 9289
7333 2921
8371 8020
9631 4631
9079 8709
3549 2767
5422 2433
6548 2749
1029 270
8410 5957
1297 445
5225 1973
9650 8267
4701 2568
8774 8615
4179 2359
5168 418
6255 3222
3934 3670
5447 2478
3630 3204
9884 5237
6883 2284
6505 5740
9485 7285
9698 9303
9446 5482
8038 5123
6424 5831
7206 5396
9854 7103
5368 1333
4211 1563
9804 9548
9710 9002
5550 1317
9462 5300
5133 3275
8630 5010
9454 7063
9990 7757
9176 4465
5980 4108
9082 8516
3371 1929
9116 5035
9655 7492
3232 2581
9206 7697
8415 7574
3724 2151
7497 4682
8926 4469
7815 4029
5752 1179
8088 3669
8633 7963
9258 6300
8950 7578
9677 8061
962 954
5221 403
3116 2318
655 427
4769 619
3770 1502
6113 5330
5253 1983
2024 41
6898 4937
4675 4592
9630 7755
5097 476
6678 4973
2676 1239
1988 727
4626 3416
2637 1874
6333 1567
4593 2720
9663 7121
6022 2860
5110 4943
5876 1704
9901 6480
8051 7943
6829 3290
7478 3043
7135 2635
6892 3923
6947 6733
5814 1013
6591 6310
8442 3672
6154 4209
7009 6330
7561 2755
9702 9400
5874 3541
6324 2157
6133 6087
7023 5567
3619 1669
4249 790
7074 3668
2613 765
9915 7110
5595 3057
7748 5161
2292 1415
6122 2694
6673 4137
8488 6933
3941 511
9651 9394
5430 4167
3262 2369
8319 4596
7492 5878
5848 4681
4142 740
6213 1369
5351 2715
8126 7032
6644 4196
6658 3399
5509 3867
9806 5361
6182 4247
6801 6728
7937 5530
6880 5546
7981 5192
3241 2878
7257 4298
7235 7193
5288 2181
7170 5840
6399 4229
7056 7003
6357 1527
6971 3755
9295 8857
7536 4381
4751 1509
1551 1230
5880 1701
1185 752
4868 4830
6957 6391
6162 4475
3721 3356
9651 6439
4943 4759
3914 3052
8852 4505
8424 5247
9842 9700
4401 1993
6007 2948
9394 6444
8761 4727
1928 1397
6738 1943
9080 6546
2903 1084
8776 4075
5548 1621
4809 2028
4917 3872
2390 1163
9668 8083
5055 3391
7665 5192
5397 915
6245 4637
6456 3787
4703 1733
7576 6550
6274 1501
8183 3500
8866 5017
993 411
5410 4699
9481 8800
9908 8053
7235 2596
2203 55
6975 6501
6819 2504
8194 5762
4098 791
9762 6044
8875 8575
5856 3693
5162 583
9002 7226
7486 3074
8623 3749
3120 496
9386 8427
3893 527
7951 4722
9380 6248
5795 3486
3791 1018
5159 1573
8934 8101
9082 6773
9430 5514
4149 2616
1892 542
6755 6432
9369 7145
8189 3954
5053 1267
7015 4186
3423 2177
336 280
7389 7148
5921 2736
7080 5848
8511 6207
4871 1672
9205 9118
5877 5033
8107 6429
8278 5311
7595 5978
3267 490
9374 7459
8449 7662
5103 906
4149 3945
9059 8426
6467 5950
3172 1454
7431 6105
6783 5822
8192 6705
9517 5457
6662 1789
3610 3371
3124 177
1455 988
7081 5221
8138 3205
8153 3234
9765 6137
9169 7315
5107 1509
8542 4793
5154 2041
4942 96
6511 2100
9619 8977
578 197
4867 1759
8348 5088
2753 441
5456 2199
5656 1869
4713 651
7875 3284
4774 2678
7209 5193
6651 4460
2586 589
7135 3139
9958 7721
954 271
3898 802
8940 8357
9824 7641
5010 3865
6586 1695
3028 2190
8934 8759
8212 7992
8786 5819
9432 8009
4592 5
699 417
9633 9057
9243 7131
4736 3436
7906 7787
5888 3180
9115 4688
5236 2994
5811 2948
5876 3285
6524 3064
8895 5946
3623 485
4686 650
7410 2661
9755 4786
5040 743
9177 5033
3076 397
1130 168
8708 8432
941 860
7448 2663
7794 6126
5067 565
7875 6692
4510 1179
7144 5940
8310 6464
9952 5927
1542 728
4152 367
6190 1250
5649 750
4821 372
5086 3707
8412 7656
5404 3055
5220 2056
4708 3090
4238 1686
5181 2656
2405 2323
7127 3152
9823 5591
6249 4276
6742 5482
2314 1203
8985 7761
8653 7631
7870 6906
8464 5987
7080 3936
9134 7581
7631 4759
7439 4015
9437 8384
2378 1286
3268 709
3056 2496
4432 499
1253 315
4259 418
5288 5253
7259 6186
9412 5814
2177 1316
5278 4952
7285 3669
7442 5079
4092 1337
7610 6171
7119 4090
5137 4683
2323 936
8871 7651
4721 374
1785 466
9713 8371
2267 500
7571 3130
8461 7150
3319 1960
8551 6036
2666 1235
9707 6812
8952 8795
422 356
7942 6616
7633 7313
9722 8819
1936 518
6104 5755
9075 5131
9318 8932
3424 2603
7680 4398
4823 4589
9565 8474
8686 8052
4645 3119
7598 4978
3488 2573
8046 4812
7700 5557
4970 1812
5835 3716
4945 2129
8110 7982
2460 2224
4280 2413
1748 541
7837 6493
5748 1651
5801 3580
8734 7714
1876 752
9364 7716
9543 6442
8002 3209
8632 6956
8186 4654
6800 6023
8363 4518
6386 2711
9990 7050
4159 1268
6024 1589
1966 1959
5480 4818
4621 950
9638 5670
9894 7591
7383 6956
9303 7366
8145 3542
6860 2168
7335 4067
5161 3349
7202 5090
6850 2919
6411 5943
7670 5897
5027 1911
8212 4362
9542 5619
6644 6230
2667 361
6004 5082
8635 5886
5146 201
2118 1100
7676 4617
7096 4605
6398 4987
3917 1067
9726 6742
7420 5845
1024 494
7554 4090
3051 2309
9829 7945
4409 2657
9553 8358
5220 4315
3508 1426
8881 5205
621 354
9508 5951
9173 7838
9095 5276
3667 611
2997 2520
5065 1813
8342 6303
1288 953
6073 3821
5709 4998
8180 7264
5347 1725
9114 5339
8364 6821
8154 7329
8934 7366
5482 4564
9108 4686
4389 2300
5319 3388
3917 1459
4724 796
1370 220
5028 284
1603 273
9085 4446
5155 4486
2595 1187
7331 6783
7442 3206
8450 5253
8500 3777
9872 9010
4726 4717
7203 3050
7523 6623
5510 3869
3855 1084
5362 2525
5350 3558
4491 652
7870 5421
6731 2475
4243 3300
7540 3967
6762 4042
6865 5227
4824 4381
8208 5792
9145 8148
9517 8717
1761 1339
9892 8711
6536 4152
1161 493
5854 2534
9250 6345
6510 4879
3959 2385
2344 1185
8888 7055
9181 5188
8240 5774
8204 7983
7368 4514
5140 4423
9715 6783
6250 4805
8380 3885
3610 3365
5170 2535
8509 7412
6266 1848
9246 4853
9587 7566
7841 3132
3107 2683
2358 610
7563 7344
771 74
9372 9006
4190 1953
2385 1328
6512 5467
5236 2889
4691 3766
2661 1017
9168 7130
2458 1946
9389 5324
8332 4000
3338 45
5141 673
6803 3263
8246 7875
8390 3528
4527 2181
9783 8212
7171 6405
4551 1051
3128 611
7093 5922
7925 4644
8585 3774
8319 5476
6525 4181
1676 962
7440 2732
4523 319
1778 414
789 656
8179 7617
5548 564
9884 6197
8933 4015
6431 2450
9167 8899
6653 4628
9680 7793
3357 705
5162 1885
5256 2540
3121 564
6062 3596
9581 6191
6573 6261
9362 9176
5418 2905
6531 5003
8371 5229
8034 6760
7708 5698
4584 1278
8178 4987
6306 2732
7644 2945
7926 6622
4709 3242
6513 3502
6811 3328
3294 2356
4477 394
8046 5511
8393 5913
6240 2915
9491 9358
6299 1482
3032 2900
6741 2784
6547 5943
3799 2796
5114 255
9959 9694
2186 41
2945 2733
9324 8098
4950 3740
7523 5781
5918 1163
8901 7328
7760 5965
8625 8513
2151 945
7601 3863
7162 7040
1783 521
5124 4685
3179 137
5616 2919
3938 526
3926 1893
3694 2227
4758 690
8752 5668
5460 4658
2548 1864
5250 1702
6296 1960
1488 764
6806 6723
4790 2363
7597 6271
9436 5888
4894 40
7354 4017
7793 5502
4697 206
5243 2974
5223 2022
8015 3393
7889 7728
6599 5504
7548 3065
4088 2901
3748 249
9581 5673
3339 1544
8593 3901
9419 6310
3293 1391
9016 4700
9139 4617
2852 1889
5230 1398
3066 1161
9518 6795
9266 5997
7742 3824
7743 6968
7139 4700
8484 3607
6838 5365
6629 6084
8570 8155
8529 4311
8964 8771
9722 5306
9879 8048
9794 6358
3365 499
8574 7708
845 269
4477 4475
3897 2263
3730 3202
3319 1860
5618 3648
971 258
9575 4642
6621 2183
3476 2503
4994 617
8836 7691
8918 6234
7446 2510
4106 2514
5624 4208
3807 1543
5415 1603
1847 807
9154 7340
8053 4566
9153 8123
4444 1967
6150 4479
7804 3513
6343 4581
5754 4024
9612 4735
8520 3795
4868 2006
7116 5092
4939 781
5374 2288
6367 6332
9698 6232
7946 4831
3612 2059
9541 8826
3470 773
5737 4679
6983 3030
7803 7315
5681 4279
5406 3310
1654 526
5629 944
3634 2490
6159 5951
7281 2562
6273 3547
7733 6199
3686 607
2136 651
8806 4553
6568 2425
9531 7747
7011 5170
6781 5468
9033 5564
627 93
1285 472
5466 3364
6998 5514
6505 4533
3917 1957
9662 6699
9251 5652
1242 631
4399 3258
3307 1465
3504 2891
9552 9257
9545 5706
2535 1320
5002 449
6928 4519
8802 7412
2762 54
7656 3925
6369 3051
7567 7438
4338 290
5811 3471
8177 4179
5408 813
5168 4710
6512 4414
3643 1849
2870 2226
1658 902
8259 5664
6404 1787
4576 3028
9274 8071
8567 5829
7638 7343
9778 5204
4643 3208
8975 4563
5047 570
6040 1876
6854 2921
5013 1358
4911 1126
2495 493
5972 1763
6023 5059
5218 3838
6915 2480
764 299
9678 4969
4671 1843
6233 5435
7348 4576
5535 3552
2589 2098
4435 3291
9274 6415
5759 4081
1047 89
9693 6857
5542 1828
9920 9608
2830 2384
3982 3667
6106 6018
8910 6450
4845 210
5765 2559
4851 1897
4717 4199
7282 5419
9072 4231
8905 5760
4283 1300
6228 6142
4189 162
5872 1380
7606 6046
4674 2662
4624 87
9723 8636
7190 7122
3117 185
1630 892
1414 473
7938 6902
3192 203
7358 6339
5544 3907
4097 2636
9638 9182
7261 6931
5322 1983
9966 7797
6354 2458
4648 1929
8150 5274
3053 2710
6608 6506
6299 1365
3000 1403
2142 555
2559 1015
9219 8995
9607 4770
1472 679
9332 9126
9128 6499
8841 7012
3266 596
5271 4930
667 482
4730 16
9749 6547
7896 5671
5887 4265
9914 9124
2217 245
3705 1641
9278 9204
5778 2947
3447 1046
6249 2564
7061 3119
9503 6578
8658 5516
9434 5982
8791 7893
8166 6486
3035 2151
9618 6327
7226 4321
3514 1682
2732 247
4880 1830
2981 2807
7451 2908
8520 5427
5902 4224
9541 8532
8745 6038
3774 2598
6348 5658
9776 8724
9269 9190
9503 6590
7792 6422
7585 3924
2993 61
1515 1307
7630 6610
4184 1568
8694 6283
9732 7277
3669 907
7400 4799
4436 1760
2349 1194
7062 6061
5379 3939
3265 2976
6880 4930
854 834
4951 4791
6750 3435
9716 8614
6742 6214
7175 3580
2143 1940
2509 1440
9721 6214
8211 4186
5330 2653
7333 6132
9421 7042
3611 3601
8527 8078
2885 995
4603 781
4143 3997
2626 489
6283 3839
5315 4157
7717 6133
2745 2090
5756 3150
6504 5888
4084 2942
1732 1345
6626 3713
9201 8282
5809 2504
1857 1822
6084 5674
5178 2630
9053 8676
2769 387
7133 4602
6226 2675
3154 1942
2910 2434
8599 6627
8988 7067
4285 1143
8151 4025
7056 3651
6003 2163
3647 2591
9539 7521
6177 5040
9638 6589
9739 5106
8912 7368
4112 2741
6372 2836
8621 6371
9690 7334
7375 3046
3957 3040
4963 2802
2081 2008
9833 8431
5729 1821
1868 1524
5584 3070
2527 559
8929 8924
1667 321
5164 524
2005 326
9661 5112
8044 7860
3658 1019
8798 5908
3978 907
7177 6234
5893 5816
977 67
3871 1783
9644 8010
2449 1280
1442 1032
6725 4694
9869 9412
6562 2593
8981 6196
7537 4481
6185 5919
2346 2334
3791 1763
2799 2657
8060 4465
9056 4597
1985 1603
7335 6597
6108 3213
8234 6653
2250 1819
7659 5125
8624 5865
8414 7649
484 291
6137 3082
5626 5528
8293 7644
4661 4197
3334 214
7958 5908
9995 5455
8467 6898
4894 39
9212 7551
8165 7663
6019 1079
2888 1580
9214 6542
9074 7729
6146 5672
7047 4928
6679 5949
6815 4272
7801 3970
2259 25
8212 7129
2952 2553
5061 2876
4735 1130
4378 3368
8732 5265
3658 1564
8279 6785
6456 3134
6722 5628
8665 7737
1729 1456
5156 2503
8261 3618
5908 1833
8710 6579
9367 8957
5616 1670
8624 6102
8612 7112
7205 2426
7658 4476
2681 2654
4704 2262
5820 2588
7166 3809
8348 7635
8693 3925
8512 6146
7040 6997
4769 1592
5445 4385
5668 4986
5293 564
4140 3320
9182 4775
7172 3293
2738 2457
9058 8679
8902 5090
2779 409
2327 1270
6905 4567
8903 4794
4989 3274
9393 5218
8246 8185
4922 1896
9516 5866
7882 4620
1760 480
3492 334
9997 8904
3839 1031
7102 6875
6089 2640
9231 7512
7062 5481
8721 5960
4068 1202
7692 5054
4719 2651
6650 4725
2370 1567
5455 2960
4646 705
3671 2722
2609 763
7719 5758
9064 8579
5516 4001
4634 3690
5435 1514
9113 8934
9290 5117
1503 1121
4722 2835
8688 4294
9867 6461
8093 7094
9087 6999
9594 8199
9434 5879
8532 7547
8635 7383
5319 1380
5431 4670
3903 2152
5257 2168
8372 5877
8228 6575
7297 2433
1482 1088
6832 2583
8215 3890
1851 1645
3088 2357
3791 269
3328 3102
5602 1004
8907 6893
6235 5340
9076 7537
8311 4444
4378 1631
6396 5177
9456 7009
5846 1074
6129 2999
7841 4532
6231 4811
6003 4496
7357 6472
4703 2567
3025 1684
8352 5483
8414 7869
7421 2971
6442 2492
9492 9151
4154 242
6035 1623
6321 2527
4260 544
3682 194
9680 5246
3198 1509
8611 5596
7844 3649
9931 6545
7235 2319
6992 2816
5153 3391
6891 4134
9548 9266
7198 5890
3444 906
4258 268
5921 2758
4569 4314
9866 6912
2875 1633
6081 5371
5055 4284
3371 126
7657 6193
4428 871
4452 752
6535 3085
3987 3562
4012 716
5798 5643
8192 7701
7231 5499
2249 2092
6414 5985
9324 7807
6660 4595
4833 1462
6418 1553
5652 2355
2782 1894
2304 2004
3300 2363
7979 5921
3185 631
8370 4223
6042 2734
5570 2187
7749 6469
2927 1976
4096 3449
9877 6446
1746 538
3433 643
7588 7095
9235 6321
8458 6188
5267 3083
7936 6862
9236 8680
4604 4328
3045 727
1852 347
6272 1982
9952 7323
8348 7856
3423 269
8628 6616
1465 189
8490 5973
9282 5284
7514 6741
4962 364
4955 3630
7901 5033
9809 8750
7859 5320
1184 852
5998 1502
4644 3572
4254 930
5292 3863
7780 4617
4678 3357
7221 3503
8143 6822
384 166
7703 4574
8739 6658
5032 3491
3434 366
5666 1207
4017 1704
6554 4561
2638 1408
6084 5335
3317 2188
7481 5061
5861 4717
8956 8315
8915 5858
2886 2332
6941 1942
6274 2715
4505 1716
9527 6432
6802 2239
4500 4462
8668 5677
6378 3901
9705 8521
6880 2499
4644 1243
9877 6046
9335 8054
6285 4670
3903 1595
6861 2078
7610 4784
1244 905
5922 3232
7956 3804
6648 3609
2745 562
7052 4327
2331 16
4138 2284
8020 3201
4387 3966
8250 7193
5930 5794
4564 571
9377 7908
6417 6332
8328 4647
7055 2094
9848 6220
5971 3106
7394 7219
8200 3926
3567 2668
4789 3660
7843 4222
3296 609
8008 6187
1783 519
4956 411
2954 1874
5316 5190
7833 3280
3727 2829
8602 7495
7546 4395
5809 3136
7424 4017
2972 2735
9722 8692
4355 131
5361 3720
2903 2021
7798 4667
3059 41
4299 1207
3152 2608
3765 1390
4329 976
8843 6250
2182 64
4874 3042
5367 1115
4071 1335
7396 5021
3034 844
6201 6126
8130 6028
7379 4150
7321 6461
5829 2099
8777 4473
8533 8493
920 566
8785 4597
1972 664
5164 4658
1911 57
4384 260
5570 977
4586 2963
5533 5354
3148 137
8205 7902
8167 7795
5822 3036
8470 3636
8078 4340
7756 7295
8462 7036
7821 7348
5173 1634
9830 5044
3557 3074
3695 1376
4583 1208
8372 7949
8676 6630
4069 3277
4180 323
5405 5109
8116 8002
7697 6167
7669 4377
7199 3196
5923 2645
7984 3120
4863 3460
8785 7507
1492 1243
8722 7782
3203 2445
3279 1535
1827 488
6992 5282
8636 8270
4776 2449
7985 7677
7535 5672
6444 4740
9878 5634
7127 5978
4385 3056
5222 5105
6551 3705
2390 1203
5266 4507
5821 1941
3692 525
4568 922
2010 962
5436 4855
6357 5421
8976 4494
6472 2762
8202 3317
7036 3835
3996 1572
9687 9039
4952 236
2902 1938
7174 3266
5872 3704
6285 6220
8493 5116
7111 4131
3785 3610
7010 6939
2162 1397
7444 3240
5888 3125
8378 6798
9589 4810
5738 2793
4926 3308
1724 1714
6796 6231
5944 3748
7780 5477
5741 2277
5309 908
2588 1676
9406 7723
6057 2869
9822 7443
6228 3715
6888 4719
3935 2803
8912 7243
8148 5949
8873 7925
3389 2272
2573 1625
2476 460
8207 5562
7922 7697
4900 2528
9371 8067
8124 7006
6540 4909
9022 8792
3867 2326
1314 87
1122 1052
6435 1938
7777 4585
1589 439
6332 4071
4510 2215
7591 3253
6497 4941
6202 3234
8527 4193
7506 3922
6200 4378
9704 5674
2998 2703
4104 93
6772 4187
8764 5414
9497 4885
7361 4726
6672 3848
5727 5414
8794 7424
8386 6738
5928 1837
9057 4503
8837 4109
6541 3023
2151 1150
9691 8496
9074 7217
6650 4839
5968 4037
8476 7054
8998 5596
4424 1714
4513 1065
8091 4106
9549 5257
7073 3686
2128 1230
5963 3248
6103 2309
7000 4967
672 653
3200 762
6610 2459
8303 3476
8792 4059
7086 5248
9601 6124
4632 746
5211 1613
5559 2017
2451 1467
9432 7465
4760 1049
9333 7415
7380 3694
6076 2364
6080 1987
7050 3200
9441 6990
4907 3673
7139 4502
4545 253
4763 2615
9635 8460
9921 7228
1156 5
4381 637
3441 2189
5571 933
7399 4280
4778 4437
8434 8312
7084 3660
7130 4364
4642 1083
7617 3844
9980 9965
1216 582
9785 9132
4111 2667
9683 8382
5844 3737
2864 2207
4395 3604
4941 3397
5090 3630
2271 850
1664 1422
5207 3034
2864 542
7350 4327
9636 6948
8304 4917
8859 8152
6191 5191
7819 6125
6019 4404
3520 2047
4431 1038
9648 4964
2104 2002
9744 8158
4254 4109
9382 6895
8469 5989
6032 3118
2017 894
9943 6075
8810 8011
4322 1554
7897 5344
7677 6825
4126 485
3068 3065
1324 1292
3637 2523
8814 6490
5377 4921
4926 3428
3340 898
9311 7674
2941 1492
2833 149
5897 1201
9615 5443
7871 3536
5315 4430
4972 3093
8616 7762
7414 6845
7936 7251
3151 1208
1544 837
3974 742
8079 6149
9878 5609
6705 6433
9050 5881
3377 12
5581 3559
8870 5107
4451 4294
6937 5000
2909 2599
6981 6899
6451 6141
3143 2333
8306 4593
8080 4170
6654 5745
7502 6049
3876 1353
7158 4530
4963 2280
4421 3615
1414 422
2915 991
5934 1678
7448 6635
8464 3742
3164 594
9309 4571
2577 189
2482 1528
5321 358
2855 2182
9699 6512
4311 2405
5154 4199
3428 2719
4147 3444
6190 1641
4310 1405
8629 5688
6020 3438
7061 6794
7936 4598
7428 3111
9085 8433
2448 908
7505 4966
757 490
3250 753
4541 2568
6191 2115
4609 3390
8336 6033
8680 4649
6506 2764
2089 257
5685 5076
3503 496
7375 4382
7609 3360
6839 2802
6649 3306
5978 4034
9586 9570
5683 1894
7066 4559
3102 574
9838 8283
9849 7493
6078 3243
5327 3819
9914 5079
3184 1432
8078 5789
6152 3270
597 74
9963 8664
8311 6291
8921 8270
8576 7249
328 114
3285 1203
6163 1791
5204 855
8367 4493
7123 6209
9936 9419
6596 2896
6272 4040
7535 5539
7056 4861
7605 5161
4763 2775
6925 2963
5473 851
4965 3190
8322 3390
6663 3250
4846 309
7404 4518
3422 602
8988 7772
4012 1062
2046 1544
7324 4240
3949 1956
5870 1718
7541 3745
7510 5141
7482 4256
3285 1377
2134 1904
2949 1676
8139 7802
9320 4443
9492 6540
8131 4055
1915 1811
5835 5131
1074 346
7028 3841
1756 375
6818 4304
2413 74
6527 3131
5902 4741
6765 6015
4931 133
9015 8316
2645 2186
5424 741
6315 4313
9995 6164
7454 7064
5950 3722
9671 6609
8434 5282
6147 4659
9665 6951
4849 801
8448 6292
6735 3002
5370 1341
2019 1565
5066 4781
6260 2329
8609 3701
1905 1212
6412 2597
2416 2235
8752 5476
9034 5641
4557 1774
8207 4795
4909 2891
1828 717
7010 6798
8437 8414
4932 2190
1543 1002
6283 1362
2367 1438
4180 2566
2158 1846
7380 3671
9271 6332
7621 3476
3882 3042
7354 2736
8814 8516
6657 3473
8577 7279
4711 1153
4049 351
3146 930
7207 5508
9231 5355
4977 1307
3760 882
3164 1056
5961 1823
9855 6086
4206 2439
6346 4427
2455 1324
7831 4677
4312 4078
8518 5803
8435 5430
4645 1013
3768 1718
9462 8343
4768 2949
3106 758
7803 7353
2803 488
8355 6807
2622 1728
9559 9296
9192 4220
9045 7948
7261 6530
9443 8795
5782 4232
5499 3151
4136 851
6820 5346
9430 9416
9554 5057
8577 4630
9888 7068
4119 604
7369 6406
6341 3640
6445 3255
5035 2936
4893 3002
2496 603
4511 563
6698 1935
6044 5118
7456 3966
9119 8649
9853 9549
6270 5981
8723 7185
8017 5179
7664 6175
4257 1576
5777 3984
6062 1245
8410 5052
6111 4159
7586 4396
4822 4288
4873 2782
4086 761
6767 3173
6887 6098
6723 6195
5846 3510
6358 5737
9465 8558
3881 1519
6572 2708
8060 3370
7462 4155
5348 4416
6319 3346
2519 572
9214 6733
8460 4104
8428 4859
4145 1064
9116 8259
7054 3543
4701 3055
8655 6440
6603 5854
7260 7102
6538 3269
5266 878
9232 8046
8848 7129
8572 5267
3926 3787
7011 6339
9961 7960
6007 3804
9091 6616
1476 768
6065 5214
4390 1309
7369 2704
5681 4081
4002 156
9798 9735
8632 7717
9609 9555
3518 913
4470 2461
6178 1205
5376 1627
3907 2918
5047 1312
8041 3120
7575 2773
7258 5786
1385 1066
9574 6396
9523 7415
8545 5252
4711 2160
4637 1035
8610 6969
2563 36
4215 3774
8988 5730
2713 1375
7072 4526
9077 5874
5885 2841
267 133
5053 1038
5304 3273
8119 3626
5266 1549
1468 1181
2422 419
5305 3665
3248 3112
6144 5670
9669 8212
7920 3357
4151 1030
6118 5118
5503 1460
7256 3961
7995 7774
8078 4799
3830 615
2136 261
9693 6458
9893 8989
9513 6508
4114 2887
2826 2545
8240 7903
6831 2528
7478 4216
3813 2446
2623 2065
2476 427
8241 6244
3520 985
7858 5383
2251 1184
8105 8024
5468 1576
4933 2292
9194 4351
3219 968
6280 1866
6020 1987
3215 2011
7034 5451
9658 7354
5893 5442
5266 450
9778 9477
7696 3962
7341 6928
5059 4536
7864 4137
575 170
8325 7905
5773 4108
3556 2258
9241 4833
1737 1035
2631 375
7870 5544
5675 3341
8426 8320
9864 9111
2276 1341
4984 2289
5760 2676
3502 291
7895 5638
8116 4936
2170 2060
8360 7802
4227 478
3122 2229
5071 5027
7798 3171
4021 3423
7519 3898
8978 6050
4906 3023
9652 7514
2220 2053
8353 7898
9208 8445
2556 115
5489 4713
6530 5133
8475 5000
4931 1171
1853 152
2787 1678
3503 2075
4934 735
6389 4755
2911 397
7736 6672
6842 4663
6083 3191
5862 5837
2529 1480
8178 4598
6290 2087
7415 3931
8622 6918
8238 4902
9680 9449
949 905
6994 4757
4421 1507
6019 3402
7379 4211
1462 526
6929 4344
6451 4195
5939 2291
3215 1012
9859 8977
2384 822
6403 1934
4394 1550
7248 3162
8350 5298
8726 4592
4296 79
5315 758
9771 9074
4902 1684
9547 7070
8366 6086
7905 4353
3050 1210
8405 5103
8220 7607
7776 7050
9744 6974
7086 3911
1056 257
5398 881
4855 1936
3576 657
3893 1030
7807 5331
9304 9299
7353 3418
5707 3155
8612 6782
3114 2833
5031 4972
6920 5982
9152 5934
8576 7405
6058 5631
7843 6642
7370 2913
2711 2462
3672 2738
4194 1789
5451 2763
9304 7764
6608 5429
3999 3889
3253 972
6191 2787
2023 1781
5815 4622
2189 1113
7803 6295
6994 2691
1495 967
630 230
668 287
8078 6028
7105 5180
4212 3267
5099 3394
4185 4142
862 525
9284 6557
5290 757
8476 3829
4378 3701
8112 3878
8205 5951
5439 2456
6784 5823
3609 920
6928 5791
3932 2126
2917 90
4494 2197
9811 7797
7591 3589
6698 2069
9069 5424
5012 1524
6134 4929
5514 2680
7438 5290
7353 2752
8208 5979
4745 2981
9966 8183
9681 5223
6205 5763
6146 4018
8065 7404
7246 5674
1888 1764
8068 3475
4262 68
8779 5440
7546 7022
8656 5902
1792 1375
8332 5337
6467 4367
3430 3394
8590 7156
3701 1254
3887 1071
1745 1555
2111 538
6283 1452
8650 8396
6998 2279
5822 5273
5333 2588
6827 5062
6470 3015
4979 4124
8162 5747
1093 465
9413 5501
5536 4255
5642 3279
8971 7822
4652 387
4735 3664
8145 8004
8439 3566
1749 606
4536 3423
1781 1025
5582 2288
7398 3932
9782 7752
6608 4968
5547 909
4110 3089
6691 6618
9956 9598
9399 8689
7210 3028
3398 2621
4364 2315
7160 4353
9386 9263
7552 6196
7827 4640
3153 256
6035 2533
3520 1287
8511 5880
8249 8059
6682 2986
9383 5822
9564 9066
9677 5062
4713 1614
3466 2179
6745 3345
4122 230
6159 4206
6792 3541
2985 2375
8140 3941
9825 8113
3624 2645
8300 7856
4186 2652
6071 3668
5071 5059
7909 7741
5421 2690
1968 241
9193 6753
3373 1710
6796 6471
9350 7498
1990 873
7143 5445
5352 4819
4200 795
8813 7685
6415 5794
3925 2884
4866 1818
5278 1898
4834 4146
3865 2286
9285 6897
6538 3673
9287 8684
7855 7301
8706 7945
2850 943
1363 896
8637 7890
4647 1645
4805 162
6022 2088
6971 3732
4201 3329
2700 1355
9485 7766
4025 3145
5422 3500
5419 1937
3108 1196
4128 1399
8348 4920
6226 3934
2244 1003
4675 2343
8629 7477
5079 3930
9474 9376
4261 109
7361 5157
4294 2178
3966 3812
7810 3119
8200 7782
6308 2711
8384 4417
5694 838
9287 6670
9997 6617
9725 7475
3409 991
9302 8818
3742 730
4619 1451
8495 5913
6391 6025
3498 3474
7819 4299
2530 172
8910 7800
9682 5066
3912 2787
7659 4189
4904 2922
8120 6253
8014 7875
7931 7496
4466 3508
1689 654
7054 4866
2538 604
7239 2974
9410 6961
8215 5223
7324 6874
5247 3090
4759 2114
7655 6895
9466 9110
2087 602
6179 1200
2989 2239
4709 118
6038 1269
7102 5098
5193 3558
3298 1159
9640 5799
6585 5126
8566 4428
9999 5270
4363 3876
4876 3322
6461 2002
6620 3072
6216 5765
6846 3101
2088 314
7872 2955
4866 1047
8433 5140
2873 2555
2562 1688
6875 4932
4899 2533
5152 4265
9503 6965
780 444
3799 831
3739 3213
1125 821
6481 3282
5612 3467
6672 6113
3039 1763
2103 775
7117 2166
6612 5469
7245 2817
6932 6490
8210 7457
8629 6627
8378 7929
4054 2592
2399 115
5549 2061
2842 329
6933 3437
4903 587
3629 2891
5406 4601
6136 4572
2203 405
6621 2682
3410 3350
7870 3993
9897 8110
8074 7115
7842 4726
4083 2813
8155 6750
9745 5690
9644 8099
6654 3605
4329 804
6461 4024
5625 2876
1273 864
3700 1649
7104 2155
5486 3400
6064 5060
9225 9215
1414 1098
3714 3514
7856 5228
9484 6782
9410 4553
1627 1026
6375 2020
2209 618
2453 2301
6232 4501
3999 3640
9242 4996
6255 4346
9208 8782
2809 664
6190 1619
8807 8139
7744 7447
5101 3272
7128 4099
3468 3250
8191 3277
6326 5672
3060 511
1444 778
7603 4432
5998 1393
9839 6913
9526 7002
2265 642
8325 4768
6625 4536
1479 515
2029 1100
8467 3847
9967 5490
4506 2758
4198 3358
8919 4069
8839 6928
9833 4938
2884 1046
2013 612
4561 1927
1558 471
2018 789
6819 2207
4232 2503
9778 8969
4832 3935
9900 7571
1133 168
1736 281
7816 3966
7484 4539
8891 7694
4956 325
9833 7987
5841 985
9281 7922
9229 8335
7803 7283
8973 6651
3362 464
4171 2382
4887 2812
6176 4199
7034 4558
7745 5480
2950 1882
6313 4343
4362 3349
6002 4988
8532 5896
7667 7570
2643 1130
8319 3897
7849 7073
2938 1699
8805 5006
3479 460
7532 7392
7620 6144
4072 3768
7729 3532
9040 7928
7556 5527
9013 6949
9802 8202
7569 5067
9967 8286
5113 1116
7004 3146
7487 6591
7633 5185
3899 3321
9026 8278
7411 4113
2184 386
9231 5648
4244 3305
7663 5803
7985 7539
6310 2145
6440 2235
6129 4354
7257 5868
7335 5202
7447 7213
6614 3120
7389 5864
5478 3196
6800 6503
3668 721
6350 4950
8453 7171
9891 9479
8195 3552
878 422
4123 177
8456 5656
5050 4668
5656 4931
4282 234
3264 3114
9242 7247
9416 7036
5080 4030
8839 5374
6429 2781
7130 6126
7247 6909
3102 369
7770 6487
3105 2211
4111 2822
9613 8307
9802 5200
7649 5094
4762 3060
8632 5425
6050 3698
5903 1344
2898 145
2017 102
6979 6533
7404 3297
6333 2967
2619 1656
9035 8767
4227 3407
7724 3476
2476 257
8104 6094
9729 6608
5604 4317
4997 11
6141 2813
5200 1741
8208 4660
9335 7297
9865 5506
9462 6528
3535 505
1890 1367
8463 6990
6541 2376
3943 39
7784 6352
8661 6714
8309 4877
8812 4093
2289 1310
5160 3958
9521 7245
9672 6623
3381 1565
7318 3828
515 304
9509 7668
9063 5816
5099 2096
9594 6851
7067 6835
6117 1439
5425 739
3569 1614
4580 2414
7175 4775
9347 5227
9269 8526
4867 3975
8025 6802
3933 1292
3619 1429
9819 6872
914 795
9532 8886
3440 2377
8985 7022
8272 4344
1531 144
3823 1086
4292 17
8352 7919
1690 1200
9383 7192
5892 1786
2593 1172
6972 3004
9832 6460
6625 6313
9493 6349
7818 3172
9433 7364
5580 4039
7828 5043
1512 667
8821 6138
5081 4409
8925 4446
6766 5900
9474 4605
7521 5032
9863 8270
3022 2566
5252 4132
5642 4261
8023 6804
7963 4575
1675 690
6460 6409
9829 5691
9609 5284
6875 6619
4933 4549
6570 5832
3284 2250
2828 2533
5883 2404
6303 2476
1448 75
8873 7126
6122 3481
9816 9423
5770 1650
8454 8404
9362 5176
5303 1928
8798 7998
2231 1479
7853 3096
2152 2029
7675 7012
1953 1924
3894 2228
2917 1242
4456 3029
3713 1365
3960 227
7217 7075
5662 4768
7071 4178
3649 2607
1859 1526
899 662
7508 3804
6801 5105
5193 4652
5525 5342
7053 3900
9307 4985
8624 6649
3445 1893
6771 5589
3468 1258
6142 5335
4894 605
5596 3671
6289 4681
9239 8806
8100 3135
5017 2352
4165 1928
4591 2511
8419 6698
6720 2472
8503 5405
9723 7484
6102 1926
3541 3432
4035 3378
8435 5347
2523 511
6491 2029
8906 4476
2299 1498
7647 3117
6421 2429
9494 6670
1911 1804
5782 5258
7089 5610
6621 3041
4831 573
8223 4150
5303 2705
4466 387
5252 4152
4716 4364
5745 2722
9289 9030
6836 6549
3325 452
7617 6931
2528 454
9310 8536
8461 3685
7505 6735
3220 349
6335 6256
5967 5099
3016 2416
3696 928
4913 4091
8749 6757
9021 7743
6944 3638
5152 4837
1428 401
8342 5434
9467 5202
8172 6605
7562 6656
8905 6140
1875 187
3726 2842
9017 7220
5977 3773
9914 9775
7040 2152
4700 712
7425 2831
2815 2670
7608 2754
1312 288
8713 7226
9709 6017
7740 5217
8289 4273
2526 611
4281 3347
2948 627
6609 3132
3439 1035
3936 2010
3475 96
7632 7166
4603 3011
2733 871
5760 5265
9603 9377
3532 1176
9217 5716
9189 6660
5652 905
4706 2477
4464 4021
5027 4141
9598 8767
8247 3360
8227 6762
1253 299
4638 913
6220 2488
6805 6788
7409 2748
9181 7270
5521 2476
7105 3471
8707 7812
4971 884
6302 5162
7874 5797
6632 5127
9185 9019
6141 2125
4803 1577
7504 6343
2932 2707
7695 5253
3760 1378
4194 2587
3648 3017
3079 221
8055 4210
1062 716
8882 5005
5918 4295
8231 8066
2619 938
9394 6677
4993 3133
7957 3631
2088 1789
7050 6178
8960 6576
9468 6595
7444 2942
6882 6851
5668 2229
8356 7868
7955 3729
2491 456
5138 4580
7866 3438
5256 1993
8012 5750
4854 3473
8808 7299
7917 5269
8804 6373
3605 2564
5266 305
3568 1904
1217 100
4516 502
4344 2652
3996 3383
2161 981
6851 4277
6267 6158
5810 2601
9269 4281
9259 8160
8055 5165
1960 1735
3374 2783
9515 6261
9225 8744
9606 8477
6139 2268
8343 5251
6081 2352
6029 3762
4624 965
7907 6749
9911 5825
5520 3461
6309 2702
3752 2348
4835 85
1856 590
7504 5232
9281 8746
5764 5075
4490 1589
2459 228
4176 2851
6210 2824
5225 1204
8228 5573
9683 5447
6149 2310
8361 4291
2868 1777
3144 1855
4440 1312
6680 4428
4466 796
7296 2704
5808 2839
1385 1124
7728 4065
1596 329
9750 7355
8259 4504
2648 1389
5729 1503
8147 4208
9857 7034
5716 2729
9140 8401
4365 607
7922 6465
8769 4675
9820 8870
5759 4738
4131 439
8241 7482
3630 1548
930 576
3414 2038
6272 5824
6149 2002
7556 4343
9341 5360
6076 5172
5743 1829
5543 1183
8764 8651
6989 5040
8352 4060
5282 478
4257 418
2781 455
9805 9015
3765 2877
6491 2031
5636 3446
7481 6490
7586 4211
7840 5657
5505 3488
5646 1176
7063 3616
8031 4127
2539 843
3864 276
8180 4054
3652 3555
4731 586
5054 3044
8017 5061
6270 4354
7601 4123
8489 3930
8284 3817
8876 5045
8213 4074
9835 5436
8418 6363
2187 1667
4801 4247
7656 4134
9504 5045
2993 227
4610 3802
5796 4564
3061 952
6159 5785
9830 5678
5310 4349
5922 1850
4916 361
7562 6897
7826 3293
9674 9024
7506 7032
2438 237
4276 408
6481 5587
6053 4042
3818 3548
5279 4000
2712 2165
6797 5629
6892 3939
4802 3751
5777 1297
2363 1949
3525 1645
7912 4978
1710 1592
4043 3213
2117 1658
7637 6237
7438 5276
9823 7712
6257 4771
9103 8923
4898 1997
7891 6487
5581 5110
7286 6574
8305 6348
5856 2928
8872 3929
2098 1995
6899 6831
7532 6331
2920 591
3909 3267
1525 368
8307 4761
8117 4634
1061 814
7826 3898
8752 4196
6827 6200
5748 2292
5555 2918
8027 7147
9235 4814
2104 582
6650 1723
3932 1473
4528 392
1719 1480
3522 372
8552 3848
4013 2321
3608 700
5588 2930
7798 5827
9755 8581
9576 6229
9654 5205
8966 8194
9368 6984
6421 4577
1948 510
1174 889
9312 8081
1921 599
8498 5656
3941 2101
8974 6134
9798 8392
7407 4578
6317 2986
4036 4032
7060 5446
3023 1119
2847 2388
9307 4442
5965 3856
5832 3548
4486 4055
7601 2817
4881 2154
5715 3062
6671 1910
6170 3122
5921 4869
8600 6290
3883 1155
5451 1972
6319 5380
4639 3383
2179 1238
6627 5748
6528 1750
6431 2086
6764 6445
5122 3001
2906 2904
3982 2575
5293 1913
8041 7640
1300 792
8590 7300
2378 274
6101 4016
9456 9005
5420 2934
3771 2048
8027 7836
8969 6131
5505 1398
7380 6815
8914 5608
8483 3749
1624 408
4343 2683
635 276
9147 8029
3938 725
4254 4075
9050 7966
5958 2256
5572 1792
6847 5412
9349 5443
4692 346
2089 811
6346 6169
8407 5867
9081 7836
3409 1461
6475 5812
5478 4538
5555 5101
7152 3902
3884 335
9979 8608
8587 5174
9003 4547
5171 926
4461 1170
7894 6336
9657 9234
5729 3110
2119 50
4364 3690
1934 996
3226 2338
4199 1370
4187 2801
1065 171
6126 2629
5655 4078
5383 5030
5377 2728
8836 3950
6648 4446
9760 4947
4532 2641
3083 2142
8930 7098
1512 1130
9094 4942
2501 2231
5031 4134
8968 8747
6792 3555
3380 2720
9930 8423
4838 3518
7316 6485
6570 5338
4174 2654
3975 2262
9028 7169
9955 5982
8958 6066
9458 8718
6000 4983
6575 4449
9426 8601
6590 2265
9438 9387
8793 4490
2809 2164
7821 4588
9896 9354
6604 4277
5684 4257
5199 4024
8816 8113
8956 7069
8408 7930
6739 4571
3336 2957
5519 2698
3631 1617
5021 3875
5403 5312
7702 3290
3793 1740
5031 4436
5190 1828
4263 3817
9051 5580
3521 1992
7431 5493
5580 1650
8025 5124
4059 1128
3351 1595
6398 3589
9538 9193
1939 584
2430 64
9994 9987
8383 5750
6212 2446
5072 3911
659 576
4556 2104
8236 7901
3330 1250
6390 4329
605 210
9395 8491
6268 1603
5730 2801
6343 3895
5558 5239
6965 4342
9640 9440
2383 1887
5291 3122
5275 745
6427 5978
5965 2064
3782 1578
5908 1476
8915 8512
6160 2251
7416 6646
6116 5857
9264 6169
5770 1495
1238 566
3142 2672
5349 5307
7903 6817
5857 5473
2640 2392
1159 650
8141 3530
7778 3701
4740 291
8478 7206
3277 375
6230 6085
3982 2495
4400 1501
5040 2792
8401 6920
9320 8213
6322 5989
4180 3350
8030 3047
3258 1054
7595 5026
2797 1062
2801 1674
4266 1695
2496 1072
9634 5186
8151 3837
4280 1693
8444 8431
2462 2140
6240 2421
4310 2742
5826 1051
5414 1643
7295 2854
3602 2921
9532 9039
9881 9302
4574 3729
5943 4234
2653 2186
3655 135
2795 407
7552 7065
3734 2323
6372 5978
4547 205
5358 1110
5754 2493
8123 3787
9224 7437
9248 7688
2776 1175
1466 251
4631 1109
9879 6627
5615 2554
5563 3041
3267 3002
9843 5685
4132 1682
7311 4680
3512 1830
2464 46
5377 2629
2342 2119
5694 2196
9194 6294
6166 4125
2346 1675
8999 6466
8287 8026
4642 4526
6316 5779
5275 3140
5404 2204
5353 1726
1888 1158
8082 3902
7749 7097
2327 2292
8851 8437
6399 4537
8151 4474
5938 4403
6041 5078
8974 7015
6142 1197
6702 6617
7389 4993
9362 9137
7848 5980
5667 2746
8329 4198
5125 4939
7009 4710
7323 3817
7630 7428
6124 2120
3832 455
9414 5909
5559 1369
5763 4007
3469 2080
5453 4093
2688 229
6316 4137
7838 7086
1541 1295
3450 1622
9783 8767
3057 2616
7499 4460
2584 1734
8702 6199
6849 2424
2523 2042
5950 3795
4498 567
9851 6014
7523 4629
8465 4181
8342 5334
9955 6137
9272 7989
6504 5618
4872 2267
7295 6299
7873 6117
7769 3655
7941 7388
2732 369
2930 1892
3718 2401
6439 3819
4814 1308
7444 2683
5616 2029
7442 7288
2421 832
9103 5089
836 630
9993 6277
4587 512
8456 3951
8907 7437
3833 1274
7222 3664
5993 3128
7567 3482
4432 375
4021 30
8343 4457
9209 6011
8482 6531
4812 2813
5650 1243
6237 1847
9836 7280
3732 1400
4841 2671
4987 4302
5250 4792
9427 7685
8079 5842
7655 5102
2321 11
9837 8638
4728 3262
8617 7065
3202 3176
6359 6254
4343 3007
6896 3695
8051 3133
4638 4536
9078 8328
9347 5623
3387 3290
7078 5126
6322 3162
8847 8496
5078 3329
4705 1725
8388 8150
1465 250
4066 768
9945 7413
3897 3382
9568 9469
5171 4125
1655 1636
3517 2952
8695 6382
3648 1390
4269 1928
4755 2539
3853 2084
6435 3004
5552 2373
5282 3682
5644 5423
3732 1844
8772 6977
6834 6125
5057 5021
6715 4499
2785 2147
8196 3610
7122 2621
509 26
4631 4236
8858 8151
5154 774
9638 8945
7091 7062
5290 4127
4381 832
9319 8642
6103 5564
3410 265
7927 7156
3651 568
7395 3956
6378 6039
5766 4556
6256 3139
6845 2725
6279 2313
6311 5411
5883 4097
6557 2200
8446 4257
3504 2290
9831 5415
7721 3031
6547 5829
8030 6608
3288 1631
7096 6257
8932 6537
4570 3635
1568 4
6318 4788
3019 197
8199 7249
9002 8522
8713 6842
5399 3108
7389 5646
7214 6926
9815 7431
2410 1686
6976 5204
8978 5977
2303 591
4804 4386
1839 669
9179 7198
7600 7182
4688 1162
6183 3765
9816 8098
8266 7891
7438 5549
8491 6898
7684 7373
4308 1669
5311 865
5904 5614
5594 1845
6739 5312
9570 7375
3356 3314
666 83
5890 3575
3149 902
2767 796
5564 2880
4784 506
6415 4584
6489 1788
9364 8301
2881 522
7100 6244
5361 5110
8224 6385
9540 4723
1438 1340
1736 1579
3505 784
6754 2625
8756 5105
6054 4855
8436 5898
5452 4474
5069 267
3652 510
3101 2850
2039 580
4572 853
5801 3071
5958 4458
9982 5204
2773 2474
6020 1855
3981 79
8152 5166
9219 4778
7239 4623
6889 3869
3152 1570
8317 7622
3356 3349
4725 1909
7206 5101
6503 1614
6865 3775
5252 4718
7440 4143
1984 1817
6147 3027
4030 2770
6964 3116
9958 8375
2016 382
4379 3915
8884 7424
969 947
5884 5410
5333 3037
6414 5104
390 62
5543 3022
3534 2236
2264 155
8002 3319
8849 7954
2551 1355
9438 6607
5272 4938
7073 6340
6285 4277
8069 7841
5308 1833
5463 1654
5447 4456
8969 4106
8684 6444
9758 6275
7064 6976
2828 936
3871 461
3038 1126
5279 2430
5210 786
6944 6205
8866 8384
8684 5538
5458 953
4980 4018
7103 3583
6833 2389
4819 3116
4774 1123
6756 6450
6299 6059
6440 4033
1563 1288
9280 6680
5577 3019
1257 316
7018 3590
1954 1416
2027 1000
2667 196
8965 4800
9088 5558
9053 8377
5503 2641
8342 4267
1662 801
2160 1538
4861 4340
9545 5196
8182 4280
4245 3668
4531 2926
5769 2992
7823 6951
5041 1888
6316 2215
6607 4454
5037 1618
2157 1738
9296 5783
5449 1307
2158 359
4817 3314
9748 6267
5734 3146
5852 3673
7155 4632
5406 413
4819 4563
1197 438
1288 678
4358 1909
6331 4248
5946 1424
2081 1012
5130 4951
5637 4450
6274 3111
5307 1175
8079 5387
7706 3156
2896 1136
3264 280
6065 1989
3380 2124
8075 7720
9733 7927
5317 1291
4636 4024
2872 548
2125 1864
9101 7713
7991 5008
9048 8006
7885 5240
5371 760
6231 1472
1832 570
5603 2935
2012 413
4041 3584
6988 3966
6830 6486
6536 2024
1141 24
5869 2979
4031 2644
7164 2297
9262 8677
3326 2918
2415 1841
9685 7653
4725 1216
3745 164
3061 2256
1438 944
8179 4897
4406 3544
6599 2063
2970 388
8730 4589
7908 5118
9245 8259
6485 4286
1704 887
2511 699
3594 2416
9189 8572
8279 3913
9606 7872
5196 4228
7390 2591
3905 3832
5593 1002
2569 898
8851 4517
9600 9175
4145 3873
5960 1033
6329 1986
6394 1970
9950 8802
7355 3582
6263 5099
9184 4315
7760 3192
3980 2923
4708 4679
4808 2936
7370 6142
8078 3166
1439 1301
6747 3636
7760 7362
4038 770
7075 5737
4035 641
7828 3215
2130 1918
5395 2918
9987 9045
957 839
2901 1232
4529 494
9296 6539
9955 4962
9860 8517
7457 4582
2809 2717
8394 4065
9700 7628
1341 1000
1817 976
4151 54
2496 1815
7334 3092
3884 2782
5220 3311
5160 4567
6362 5101
5586 4796
7104 6695
7299 3016
9750 7346
7736 3770
2139 1816
8777 7404
1829 139
9662 7222
7951 3522
9160 5471
3084 275
4708 1329
2159 801
9578 6531
8152 7913
9817 8165
6269 5178
5689 998
4394 439
5847 4669
5239 2526
8794 3981
4895 1125
4183 2845
6234 6203
1901 1733
9616 7049
9882 7602
6683 5378
3058 606
7305 5993
6013 5751
8300 4452
5318 2413
9628 7145
7552 4334
8836 5062
2740 1172
6433 4465
6434 4914
5646 4587
9466 7734
6977 3565
4413 3336
5653 1457
8742 8482
9918 8733
3992 214
7867 6713
8051 6540
6110 2914
3367 2440
7271 3768
4284 469
3757 3581
3543 2658
4060 1438
3705 3259
7545 4422
7904 6735
8017 4230
6565 2090
3886 2408
8462 5088
7035 5772
9828 7099
7154 3249
4078 799
6740 3846
3932 806
3995 768
7411 3838
3165 3108
7352 6220
8968 4204
1410 170
3872 2591
4127 3056
3391 1584
6234 2157
1131 555
7089 3299
6148 5318
6427 3559
7107 4325
6785 5247
1909 560
9943 7078
8956 7025
3114 2791
7808 7178
6587 3202
3897 873
4227 3567
5360 4996
7265 2615
9911 8349
9514 8156
9770 9020
5927 3717
1829 1630
6176 5504
9389 8169
4932 3043
9933 8549
9059 8223
9416 4993
1589 1229
3893 2553
3898 2555
5036 1639
4185 3009
3406 1638
6467 5951
9312 6485
5713 763
3987 930
3447 1058
6132 1915
5213 2688
9988 9277
5850 3619
8586 7404
9020 8470
1464 166
6143 2129
7897 4960
8285 4142
4192 1422
4040 3682
4919 3247
5455 1243
5789 2681
8122 7305
2892 1692
3343 1089
3143 1908
6858 3909
2724 2221
3408 1673
8604 6936
7730 6036
5832 997
4203 3611
9686 7356
6029 1468
9175 7817
4160 2726
5099 1604
9333 6022
7226 4241
9919 8166
8550 3659
4472 1279
2812 1053
5857 5223
9730 8708
6904 2965
6051 2743
2018 726
9025 6389
8041 4110
5676 5518
2058 102
4899 299
4911 1176
6804 5911
2718 1183
5596 3987
6723 2490
8795 3989
3794 98
3501 982
2048 182
5812 3597
5707 3389
5727 3324
2757 2085
8382 4845
1253 10
4572 1972
8401 7890
