250
3570 5890
226 3960
3027 5340
6697 3910
9209 4316
108 810
7352 9831
9379 5250
4851 1037
310 1344
7657 9483
8425 2557
6393 6967
5459 1538
3779 5187
7716 3905
1433 4587
7826 4517
4129 4729
5570 3825
8523 4929
2214 7802
2654 9474
3336 724
9566 6456
818 6576
2589 9488
4522 8691
5969 1878
3931 6410
4803 6212
4925 2027
5799 6311
6864 6918
6761 6562
1306 8482
9012 7067
8434 5189
2916 5079
5017 6273
2216 8842
1314 5782
2897 5600
4277 6719
627 899
880 501
9938 6467
4848 3831
5696 8000
7204 9523
8469 5583
3489 6752
4092 8562
4181 5481
9031 2520
6194 9305
7617 1370
5426 3635
628 136
6507 1698
8820 2360
3973 4851
7630 4445
7106 5041
1010 157
3622 4803
1886 2879
6055 4526
1158 481
6426 1392
6111 4120
7786 5074
5630 3698
8364 7465
9916 6651
7278 4226
8390 8124
8110 1961
7494 1280
3952 2448
5932 5097
8688 9538
3462 9550
4627 8946
3241 8207
8675 4226
7322 8954
320 949
1199 8182
9029 6590
3295 4802
2103 9462
3188 8384
6511 8721
3454 2623
6364 4098
5398 8134
3173 8062
4456 2225
9936 6981
8043 3008
8245 3609
9363 4588
992 250
5411 141
7016 8871
2431 2957
8147 7324
5017 4722
7535 1759
5449 8167
2061 1037
1326 1557
615 2785
8695 2653
4319 781
9735 4376
5991 4155
7596 113
7043 6227
1802 4388
1661 2100
8689 2394
5500 3451
2760 9753
7793 8302
8540 7211
9196 8678
6589 7746
5866 7724
170 7592
477 1855
7970 8303
2789 8084
2739 8045
2710 6684
6510 642
1803 1399
139 5783
6485 2694
2264 8424
5026 749
9493 6940
6093 7801
6644 3758
1412 371
4120 3031
1778 8996
3428 5616
4499 186
5611 5011
3737 4270
4444 1808
2079 4819
2979 3
5567 5772
7135 8540
9931 6496
9423 9216
2034 91
7175 5748
748 1759
5073 6841
6602 6063
7218 2858
260 5295
2404 3831
5933 2202
9187 6114
4098 7484
4040 3096
3831 9992
7788 2885
5769 2218
7227 714
8611 6403
3232 458
9943 6244
8761 4832
3515 8085
6392 7177
2711 9419
8067 5868
971 1812
8398 7058
4553 758
7224 2623
4974 3914
9480 4310
5842 9965
3614 2364
4615 4795
7193 6582
1722 3900
6384 4419
8089 4506
6047 3718
9285 3028
4036 4675
629 839
6886 8174
4431 7727
1520 5868
5848 2579
6842 8648
6363 6204
7481 6402
4114 3558
1526 7882
8632 6855
5845 1492
3602 8760
3034 8235
4055 8046
4327 5822
8917 6812
7411 4929
6910 2779
4130 5720
1979 113
1259 1249
8029 2407
2187 2798
2077 7256
5198 812
5802 4355
4019 3040
1307 5854
6467 4806
6417 5819
4341 9602
9181 1923
789 3838
7676 5347
2617 5447
6234 3784
8665 2232
6290 6047
3331 3086
3485 4767
7770 4563
5286 4270
3712 9569
2912 1248
7700 3513
5982 1256
7626 2092
2719 387
105 1652
9246 3962
