5000
14501 17033
50399 48145
64691 63112
64064 63377
12855 11141
2946 5556
66221 68109
2391 6533
42712 44319
6187 6742
62220 62427
3245 4578
40235 38279
67582 66425
24026 19717
54579 55408
29282 30507
22548 22682
36095 39882
33571 29465
18076 14699
1158 656
13711 10509
15420 18182
53652 51902
1475 3199
13153 13846
64205 66153
7456 7707
33183 35056
10617 15348
62220 60434
918 3767
51172 47519
7735 4814
9521 9560
16789 13426
38024 34234
2121 4248
59965 57717
34901 32631
39784 35737
45357 41075
53452 48513
7200 10410
69044 69353
21007 24930
34021 33259
34091 37078
7768 11478
13961 11811
65544 68469
35220 36110
27897 27076
18171 17918
46279 50682
2261 723
35482 35616
63685 68213
8997 13262
55101 55051
29596 26909
12499 10369
6944 4105
23510 28493
54976 54907
37652 34121
45035 41583
18338 19103
54234 50929
46365 49598
30446 33207
46032 48812
23158 25844
64224 59719
32217 30454
4017 6956
60272 56126
14648 17166
17754 16925
13016 12135
30100 26285
24734 24355
16812 20139
30166 30149
46173 45845
36775 34594
44530 41001
42564 40578
26208 30282
54665 51727
51026 47916
48155 47786
45479 41865
24763 27051
54606 54224
41938 41881
1931 6465
20333 23898
45568 44647
11781 15745
49192 50677
41070 44307
37334 33827
66450 65227
67226 62509
51172 47925
31586 33407
59678 60366
26485 31297
32257 36040
25483 21276
53197 55159
10625 8349
27961 27286
31291 30283
20458 17077
42471 40682
67131 69563
11529 7914
66073 62281
61255 61965
40195 41573
64033 64527
64119 59825
68226 66533
31771 35201
22817 25412
33723 30225
31790 35234
10911 5990
47134 49685
68791 67275
49287 48716
15013 11431
63724 65096
63520 62762
55908 55152
42967 42430
57887 56311
43178 44433
56960 56251
57061 54877
24848 29335
22042 25579
12909 8167
34730 32935
14267 14889
20962 22469
31896 28310
30730 34028
5160 8564
24641 25043
35846 35981
47136 46049
40726 42810
54941 54041
36350 33248
39900 38799
19256 21654
44986 46195
34587 36349
22270 24871
30147 27574
15441 19722
54721 56141
35242 34645
59374 63354
55174 50720
67257 64066
67996 64659
68232 67116
42519 44627
9539 5062
1466 4223
45451 44860
25892 24102
12224 11597
30699 27219
9465 9008
53026 53304
65255 62035
54784 53249
15057 15425
54284 56501
57094 56383
25729 30076
59512 58086
30391 27939
61250 64145
35530 39565
38393 37832
61120 59508
50177 53994
39254 42751
19737 16696
31374 28036
27108 28595
57821 58710
26571 22694
8623 8215
30203 34301
50846 54336
14773 16000
48578 49008
12907 15306
14117 9279
50481 53338
27453 23812
2738 141
62818 66331
34223 34914
44291 47262
62900 65291
6409 10237
62630 64616
60207 55813
20463 22902
47581 48582
44751 49308
38810 36992
69744 65681
6104 5131
17499 18684
24577 23958
27998 28837
6738 9139
60468 61613
37179 41478
53754 51641
16636 16188
16503 17973
15948 12778
37101 41756
40891 42123
21584 19026
58339 55097
28572 26075
14614 18519
61820 65570
5960 1275
52790 49573
17861 19990
36925 35652
37291 35255
40458 38059
2480 2316
49512 50461
56725 59913
8005 3911
26158 23978
25138 24855
62331 60595
45736 44710
36151 31256
25223 29026
24723 26984
47562 46699
10523 11588
52270 49202
39906 42404
30018 33851
60845 61950
44977 43347
58569 59752
63041 65468
32292 35673
52836 51349
14567 10273
26173 24276
50230 45549
31608 33172
59521 63415
2855 5861
60982 62148
28969 30581
56321 52451
25015 24683
11869 13109
17915 17880
20999 24847
32877 33579
60809 59150
66633 63454
49714 53226
21063 19941
19634 18079
26134 23589
11049 7207
62484 67074
28379 24974
5557 1799
7057 6534
54193 49981
24400 22280
53781 51588
7403 7176
56695 53601
47596 49974
41532 39779
51111 48203
59728 61311
56005 52465
32585 28283
28847 31151
47781 48203
32137 28533
65922 68113
62998 58470
44296 47457
46384 45533
2872 1779
50798 55711
17883 15450
23955 19128
24404 29176
38777 38586
6924 2212
36332 33596
4964 7397
1509 3904
32889 30972
17208 15998
57420 61697
28916 31559
1462 3803
8415 12277
14884 17102
17585 16839
8139 6084
9990 10381
16296 12620
8183 11640
43976 43960
69542 68865
19988 16138
65573 67201
26560 28589
21956 22893
13937 18848
59984 64899
31586 35244
37955 42334
39401 36120
50770 54015
23546 25006
49956 46011
36381 36417
24319 24877
19503 14642
59115 55774
22307 21592
7759 10821
28594 30099
55087 55585
38176 42258
63600 64542
36304 33972
12018 13775
68650 67219
58625 58372
44235 45880
40970 36101
18495 21973
53184 55489
45892 47368
29588 26300
1918 4410
65472 64274
30247 25579
24989 25131
37349 33991
39316 41964
68409 63649
2637 4483
9682 12818
31586 32994
51806 48334
6655 3851
64925 67084
40072 42770
44294 40974
14472 13056
52012 47744
57940 57748
12794 11932
56142 56916
5340 5386
25014 28179
58541 61246
48107 44542
5281 9614
10088 5110
39993 36657
63443 62073
8927 5687
36366 31964
29727 34406
25968 25575
22111 20559
26195 23138
44766 43393
67735 68411
36950 38343
29711 31064
35120 33694
57022 56430
6391 2202
20954 25594
37418 40216
66260 61876
59003 60790
52125 53976
35131 35939
30215 33793
59462 59064
21518 22486
28099 32182
15075 11201
61226 61290
56411 57495
8813 9656
32658 33615
15421 20262
43015 46648
58573 61385
25620 26326
6285 3905
29387 33719
14310 14350
5086 3677
32317 33242
48405 49648
21061 19874
36241 35707
31037 26275
18702 19577
11378 15561
35439 31072
34951 33588
34044 37129
5910 8652
36174 31552
30535 35369
22388 20123
46314 43759
53751 50025
43764 43934
24217 25273
11732 7813
27611 24100
50851 45880
19570 20229
23734 28372
12693 17263
33603 31532
9017 5696
26729 31707
10619 9686
46666 41793
67169 67961
26611 29064
59277 62241
59789 61750
23381 23145
45347 45501
61649 63833
38556 37282
16714 15499
36499 40872
65578 67643
1953 1739
1243 2148
48071 45237
36521 34597
14706 17927
39149 41692
27842 24143
40228 42143
42583 40731
17124 17823
55276 50455
40911 44980
62272 62244
56631 53365
31271 34646
34808 36351
31866 31337
57205 55108
35101 36006
58866 62404
38763 42763
38017 42593
47626 44751
64039 64167
24179 20453
51982 53589
40070 41078
21160 18687
27101 30564
47896 48893
60588 58727
19278 16179
23696 27531
48334 49918
6809 10215
16409 18010
13709 14386
10316 9414
36939 39731
27373 27445
22373 23172
42689 37921
34606 34947
56018 58377
34834 32962
59390 57838
7162 9862
5467 6156
50238 47319
54045 56930
34657 36551
64166 65171
32230 31129
43569 39014
36239 33918
63291 63621
5964 2351
53291 54417
61608 59394
40360 37556
50423 52619
41772 42126
68078 63778
59584 58254
40507 42605
13452 14639
34011 38381
658 2806
1019 485
68012 64371
23809 19961
975 5118
9013 7920
16888 13990
16999 16218
64940 64283
19588 16979
19180 15045
27086 29692
24220 25713
50235 49913
14781 10374
7679 4706
21513 18050
68389 68573
5150 1089
43070 44781
23527 19529
21107 17014
43534 47304
67854 69529
8207 10965
14744 17636
37992 34397
40224 44478
18466 23285
52798 54731
4706 278
30127 25230
17358 19412
55020 52403
16270 13662
34384 32440
22717 23327
50181 45660
19304 22138
1798 4688
53021 56032
55349 59504
29245 26585
38203 33569
12142 8550
37451 34822
59880 61022
24893 29859
50948 52724
25204 21018
59832 61748
66373 64681
54258 55061
28428 29614
47232 49052
15946 11206
43450 43206
40769 38720
62744 66379
23449 19141
29264 24494
30593 26705
14367 13016
45877 46775
47468 51678
1210 381
65181 68422
37249 37926
13657 17771
7854 12624
19751 23517
61980 59191
45883 45394
32320 33259
5078 3919
13075 13739
60271 55841
58549 54055
63454 59837
54254 49612
14584 12166
43676 40303
57745 62425
26261 22407
25625 22860
11628 14867
20916 16415
34246 37969
68860 69060
15585 19001
9421 11249
60641 60162
9808 5315
60594 57214
20853 17355
50278 48423
60792 59616
60957 57087
58964 56004
33057 35516
25426 28159
13346 14166
36918 37857
59271 60627
1682 1154
22379 27061
51950 52999
47165 42503
5486 2031
28006 30904
3367 4492
41153 40147
6363 8837
9148 9693
67303 62774
16247 16188
31812 36250
48442 48845
12097 13072
37070 38524
10503 13117
11106 8559
12256 12488
14895 17706
67731 67442
3895 5355
50583 55136
20656 20596
30620 30441
69776 69207
66548 68759
7236 9767
60436 59534
11531 16305
21175 23719
22130 26545
6834 4668
40686 42259
59185 56530
27024 24278
37029 37548
5276 426
59218 63994
30047 33823
10183 8319
31070 33523
15255 15616
39448 35530
27183 27901
3855 1808
47874 44998
22902 27832
9193 11219
45681 42899
3899 5277
54536 50533
5726 4696
42223 43966
9784 10656
5261 7472
18905 15213
52602 48930
40400 42555
41030 36195
6370 8509
52655 53450
39414 39686
46061 42161
18984 17906
45001 49346
22986 26252
28426 30821
19172 16548
53310 48710
25579 21705
41834 41232
36877 40547
5878 2580
26129 29806
12896 11924
23025 26306
21407 21529
13461 15705
4395 670
35292 37240
67904 63392
10314 7785
32088 32273
14978 13019
62513 63815
44379 43431
27090 25605
45035 46659
50995 50023
1505 4505
43196 44790
45011 45249
54777 52693
21048 22836
46752 42980
61779 63388
17972 17459
11532 13350
11666 12349
66302 69000
8171 12033
43479 47290
21521 24511
50573 45622
44311 46182
32469 30470
13298 14846
32582 27736
14169 16116
21391 18201
325 720
9390 7193
2844 4947
35887 32878
17038 12889
53706 50482
36101 35658
66762 68338
62993 58018
20970 25771
5391 6389
19722 22902
67995 68309
62387 61077
54895 57512
32133 31754
48287 44671
18772 18572
49014 51077
49997 47046
17683 18730
10018 5901
50848 53906
41135 38241
9271 13038
60977 58006
39350 38154
21941 24670
63552 67773
7029 2367
12202 12758
62939 63577
26831 31788
41672 44877
8017 7324
47886 51148
55191 59608
50875 50707
49104 52742
63421 64211
22991 25949
38065 37589
19208 18482
9110 5455
62181 65943
30266 31060
47531 50448
28830 24622
4525 2902
50585 52749
39461 36121
9597 12348
64652 68551
62698 62985
45260 46024
414 1304
33692 31673
31572 34676
61698 63099
39992 36212
43357 38812
27985 28715
31484 29747
15693 17918
55808 52024
52474 47854
42873 46333
39061 40636
41813 39111
35573 35777
43443 45178
48014 45856
61409 58294
9504 7991
57769 52977
38266 36410
40380 37327
21063 19736
58570 56034
39872 41851
41599 36643
14407 13128
28580 30376
15401 17927
44447 40261
11855 9410
11157 9005
63398 67377
54645 52743
20859 19285
64931 63300
31691 31015
9803 7223
40179 40178
15059 13573
36224 41063
35429 36867
39911 35397
47317 52095
39561 39015
39983 39272
5515 3188
27218 29616
7169 9476
42199 45972
35843 39588
66884 65080
63144 62608
7871 3919
54728 55600
7240 9219
58529 56025
51661 52548
11761 9041
35650 37322
63155 61649
7747 4775
13260 11214
67129 64835
51476 47350
55411 59609
9471 13830
48417 52625
36245 34204
41382 45315
10105 13383
66088 65321
16475 12224
45485 41503
55781 58907
43771 40669
65126 69771
17602 13009
6505 9788
64661 65920
67703 63635
37018 32444
27637 28937
67866 67385
23678 26364
65350 67121
24380 23377
5074 9342
42009 44838
3003 569
24182 29096
36702 38732
57427 52783
4702 4891
69675 65836
36419 36665
55710 52417
4173 3721
66053 68359
33335 37012
31045 28637
66779 68880
8607 5328
31869 29873
30286 29332
62953 60055
28921 31944
46297 42705
27601 26387
34819 39126
13047 16136
53960 49276
16531 18049
60034 57356
60249 64384
41777 42856
3553 7054
42623 39196
11154 7777
46038 48378
51290 51298
4688 8161
55971 52971
63391 62655
14696 18749
41286 38873
48549 46394
8833 7117
32385 36467
12969 13943
63488 66730
9157 9543
14160 10767
39432 36319
67054 69105
51874 52334
32018 32660
30791 28283
57280 55598
29085 26406
58783 55347
6366 10801
19293 15953
10718 7695
42737 46203
16869 15966
66451 62528
43846 40914
64955 61264
43078 41795
45390 45107
40908 36896
52477 54335
10477 15245
29235 27606
24757 27402
614 3268
33735 33645
17578 18191
35593 35629
27837 29505
26092 31091
35184 30350
30348 27086
59246 56256
15704 19800
65176 65621
63288 63462
12498 10336
69753 68813
29576 25095
5857 3860
38198 41631
40869 38362
35203 36691
42419 44727
34901 30298
66459 67474
69209 66294
21751 22622
37270 35148
33764 34388
41724 39180
52945 53603
29220 31233
63188 61000
61168 56348
1337 2935
12512 17462
66920 69159
17787 21284
28640 31828
49202 52070
25661 30087
45474 43888
14871 19231
11681 13476
41302 43169
56716 55870
52901 50595
60759 57470
69337 67645
5890 4195
49912 54066
33422 30891
48262 50646
67221 64400
53697 51385
47977 52638
15974 18275
64924 68711
38498 41981
7710 6206
34732 30931
58010 58104
34455 33396
30613 34357
30595 30364
26841 31314
59851 56339
68317 68282
52297 47657
27885 30574
30069 25933
14278 17080
12769 9015
46430 46772
29441 25709
4458 2185
26863 29889
37701 35136
21490 25100
23161 25280
62763 61432
66586 65875
10619 9163
68424 65163
39694 44427
55002 53022
41981 38230
40810 38384
29123 30633
1422 408
64031 61738
62286 59187
9896 10899
22612 25860
64738 66447
48726 49851
67078 62546
48294 44896
61308 63479
60402 64071
59634 59019
32650 30811
67675 67661
55089 54065
28798 30453
25481 26680
12248 16169
50665 52770
32298 28130
62579 64666
8518 12840
46811 48334
5845 6615
15822 19784
35669 34624
38080 35713
65831 67199
58537 57221
65924 67936
38753 40950
58264 54187
65443 65360
65056 65028
28969 25000
33329 29691
41197 45832
17264 16366
24152 28167
50969 50222
39355 35543
18482 18170
16805 12224
48676 44702
62337 64578
68960 65669
28480 32313
44805 44420
49544 46346
4859 6610
8308 7677
55986 55145
6752 10419
63241 61372
54859 56584
28825 24195
49 2006
66449 68073
49583 49721
47962 44589
21010 17933
4789 4570
26738 23079
2899 7099
48220 45681
53912 56284
1799 3313
12718 9878
14581 10035
23920 24663
46845 44212
7840 10451
64147 61201
39858 40307
19999 21463
48285 52385
9019 10651
28519 28089
44496 39682
65814 62744
16878 16720
69773 65588
25704 23400
69820 66985
57110 58493
42407 44781
65164 66963
61607 60788
47163 48279
44372 47516
46773 49331
20080 16194
48448 44653
24930 26341
40533 45180
4479 1525
40633 38921
9195 12393
68409 64776
30726 29957
51901 52435
59042 59234
19808 15189
25176 22966
52727 51909
52219 56923
18128 14405
47888 43016
60909 58233
1392 5171
3438 6263
60444 60220
50683 54756
45304 49831
10810 13437
44805 41905
47037 42782
5607 1739
63993 64143
59090 54371
42145 46839
20813 23180
65415 66638
54674 57981
36988 41166
36233 37221
33915 31949
8439 11209
55399 58969
39268 43253
60284 60302
29327 27987
28578 24727
6513 10514
10085 9673
52697 48566
52424 49292
37666 37105
1114 2041
18392 13670
21859 21228
12019 16037
60109 62809
27786 31531
17481 21810
46216 50997
27319 29815
28583 29867
45621 49670
40583 37835
61440 63335
41162 45622
16307 14809
17654 14481
65037 67556
56001 52039
41813 37395
61246 59199
51875 55810
43744 45104
18424 16748
30341 29407
66930 66202
47971 46037
20166 16893
53230 49911
35469 33557
49178 54051
49206 46250
27305 22413
32104 36897
36867 32288
11007 6293
44337 46862
43415 41033
24120 27958
37156 38983
42756 43744
52220 49309
45077 46513
24912 20500
66199 61599
30528 33357
24647 24984
36422 32813
55595 53584
611 2295
25361 27162
15491 15462
50773 51161
55789 59781
58939 60554
31630 30351
59077 63492
2762 926
27853 24951
20418 20481
11081 14962
69234 65831
60489 58015
22873 25585
23004 24006
17191 15495
15491 11667
15819 15266
15878 18669
28362 27564
21369 23873
37696 33081
36866 34581
35298 32441
13728 14295
1853 5570
53836 51477
26767 21932
63039 60402
56043 53363
48350 46686
1818 4340
18889 16520
2731 750
5643 2593
34306 31648
13429 11834
26894 30372
59827 59104
39965 41511
31957 27388
20943 24935
37266 38838
5701 3862
40826 43533
21096 16460
10998 10165
51031 47352
15230 14889
34108 38636
58618 55805
8979 9600
982 4810
45348 48603
33056 35221
42732 40145
25971 30609
56314 57491
53878 49189
9248 11857
51102 48077
58311 55263
18860 22196
57250 52432
66326 68615
16779 20422
26139 25619
7989 10080
58363 59053
34221 29879
15907 12807
13392 12527
19722 16189
57291 53540
5779 8834
36168 39757
42207 46579
50297 49298
66966 67868
62502 60465
9714 13218
1647 4256
16741 13908
23978 21759
56497 58487
20266 18431
27584 32186
34146 38833
33257 35547
51884 50204
64763 61129
7832 8772
22768 20188
15347 10912
55019 51492
49151 45490
57272 56329
13665 16246
31723 33979
12965 15700
13926 18584
56253 60459
35524 30903
60134 61804
12352 14001
68037 67001
14011 17492
29394 25441
28431 28230
36739 38964
67841 67228
59490 60170
10422 13645
16382 20663
49131 50031
34540 33435
32414 27680
16141 12553
39957 41753
46010 47508
57034 56145
13343 16545
23512 19880
18418 14428
3626 245
53791 52272
47882 48924
15384 17436
48663 52647
29952 31154
8274 9943
43606 44537
61139 62870
1210 2318
23089 24248
24907 29732
48569 52290
51483 47774
19775 23676
53403 56005
40225 35383
36488 40350
61112 56808
69169 65623
69041 69046
15003 17906
56847 58236
23634 25794
58495 58752
29789 30687
28649 26526
51789 53538
12167 13523
59121 62496
2453 7377
15909 16699
52704 54566
59846 55162
62642 63870
36119 39195
13909 17486
49935 49590
9172 5768
3442 7428
6689 2321
65131 61655
4048 4615
58722 62630
15989 16797
45842 49753
16005 16671
22630 23526
65533 68546
32120 34124
26578 26411
58582 58117
8361 6053
19572 21290
4449 6833
23121 26118
2552 7156
18935 19967
16677 15609
36347 37983
1499 5992
27647 23170
47191 50420
9745 8729
44160 41897
8083 6613
34905 37927
44324 41570
1703 2573
9640 13815
3386 4050
5952 8337
57175 58806
60479 64905
43645 48158
26715 30522
38614 34307
5525 2666
28147 27545
63392 66664
14165 10089
58804 62431
15243 13118
64574 68725
51148 52599
17740 16316
44103 43412
62334 66633
32794 29672
59251 59049
35658 31430
2309 1919
46012 50391
40134 39086
25058 25999
13886 17493
69772 69196
58620 63086
26129 29997
11205 9863
5036 5661
41724 41135
63184 59175
20314 23883
43022 40818
10176 6147
23500 21303
9184 6924
59305 63420
31764 27096
59779 60760
61621 59679
66131 63926
61128 65025
31974 29962
48090 46073
6961 9571
4201 4720
29440 27111
49989 47041
26852 29962
61831 65152
43613 46134
62772 59996
41986 45935
36084 36090
44868 40624
4874 9040
1885 1306
46269 48777
46259 45265
42061 42355
49359 53249
1989 1503
63050 58958
40105 35259
35362 37132
63340 65218
31065 31516
61551 58199
36786 39861
59449 63045
46360 51274
10279 8012
52883 50006
61336 58317
55019 51903
26458 25820
62957 59899
46694 49871
19196 19085
45292 41546
54605 52475
21166 21577
3988 7074
40437 43866
34144 38006
62831 63891
22279 17806
49509 47719
62393 65577
55823 58797
6431 8132
21015 17117
56499 56854
63803 62454
45326 46182
12491 12287
8270 8041
50794 48443
4623 7343
33878 30211
50291 49864
27813 30546
30925 27324
26481 24034
18591 19470
6949 3563
61519 62698
4267 4549
18974 17082
7544 3758
8311 12163
39013 39003
52287 49495
34175 36810
7762 10150
46649 45022
51847 48746
56673 52667
34509 39267
16324 20230
55740 60044
23817 20704
56130 54519
63447 66445
12033 16504
19905 24176
12707 13546
55836 56500
20275 21251
33417 37487
58219 55422
49188 54009
36841 35823
64005 64142
16198 14642
49843 49095
66892 66310
32154 35562
54594 55755
30774 30206
58444 63379
39142 42121
40394 42920
51952 49887
14733 18844
65159 68998
51113 51235
2049 3591
67321 69486
57604 57507
43651 42353
51474 51588
10669 11044
5844 7135
57786 54461
46924 49830
67436 63721
35687 38064
20273 25104
44536 39895
47204 49001
16027 18401
23000 21866
10547 10775
64325 67348
15289 10826
32513 31156
28056 25501
35465 33311
25061 25682
36893 34112
60385 59829
59484 61489
8812 8296
62505 62169
11226 8301
14500 9769
31317 31416
45667 43620
36328 35740
36050 32229
21961 18399
40869 44632
35462 39313
12007 15592
20935 22716
37902 41458
43703 46011
8726 13016
61106 60238
18136 14768
69199 65733
3013 5096
36869 41854
16571 19175
30847 33434
17447 15627
19400 19649
60460 56698
13034 10786
35247 30896
39383 39116
46592 43629
45408 45083
14826 11096
25112 29857
21809 20759
33966 33600
60945 63293
61378 64837
49850 53226
29376 26923
17997 19901
20331 15392
68183 63929
62693 59144
38849 41477
37853 40354
59234 61989
49366 53113
20284 22751
30732 30389
8546 5659
37751 33562
17674 19308
22970 27463
24970 27319
10665 7775
442 4802
6786 5691
62960 67891
8979 13713
23688 20025
19364 22260
40058 37525
25344 28624
59464 56508
48997 53293
17338 13900
1273 4591
10447 5863
7993 5525
64811 67484
50172 53035
43568 40122
45514 49182
11767 10725
7758 9709
50154 53629
29117 27065
16565 13932
17622 21612
52057 49166
53056 55139
38088 34408
65023 64252
25404 27439
59043 62431
28119 32196
25697 29069
43653 40644
24694 26782
4071 8535
23722 20879
64363 60653
42445 40107
66537 65504
5789 6253
51829 49980
37918 34335
51044 51326
31229 29102
9247 4890
34202 30164
64890 68559
18324 17040
33124 33490
5957 5891
13231 10604
50797 50178
3151 6241
34909 30321
52211 56972
50400 48541
31223 29366
35191 34255
18856 23010
41100 38095
38538 42132
56298 60118
29635 26127
14491 14377
47147 47678
41064 36439
51601 52207
31639 33513
18680 20575
48127 50782
16721 11722
44735 46683
29814 31095
23485 19929
27962 27605
1630 2128
40766 43953
41512 43059
59734 63650
34433 36948
51010 46123
34055 36828
29016 31363
66114 68498
29589 32961
22686 18211
19671 15993
60470 64628
33833 29545
32090 34834
67892 63764
65948 62261
4964 2732
62484 66164
26544 30943
28436 26762
68146 68717
40512 45484
28431 27258
68379 67757
3851 4572
5919 1027
19611 16433
52566 51312
40862 42576
39921 43976
26042 30544
56541 60142
25952 28954
24754 28555
49635 54019
43117 39248
16191 16292
39940 44413
49351 44704
45888 42451
20442 18370
23351 22581
14225 14867
49683 53731
62550 64235
60033 56073
48133 52362
44227 42404
61213 58446
54452 50046
56823 55794
27600 30436
32687 34313
23912 20740
50331 49362
19239 23109
10041 12383
32894 31655
28560 28724
38052 41196
40291 35469
32985 33328
35194 33629
15974 11170
61447 64970
46099 44220
42196 37849
52593 48817
67146 64918
41874 45465
52052 50048
55175 53892
57711 57841
27873 24677
38360 41220
38704 41991
55025 53091
24127 21955
35737 32074
38769 39039
13759 17353
29821 31993
53889 56800
48444 44190
59710 59284
65436 65362
55640 52387
26457 31164
19355 18777
11149 15495
44764 41249
39889 41057
31258 28095
53136 51236
11264 10900
67433 62793
33634 32802
16907 18748
53684 58024
31494 30613
17117 14942
4022 305
19584 19824
33964 34256
12903 15610
15055 16493
62298 61842
53304 55316
1589 226
62475 60992
43256 45215
41199 39132
52085 51333
39879 35375
31853 30097
37229 39427
17583 16611
31431 33092
47800 50865
28845 30638
37837 42307
14859 17037
26401 29547
14165 13732
40894 40169
63707 65829
49875 47534
52051 49755
48237 50281
4404 2829
14950 18444
3865 8340
43078 39886
34586 37889
40327 38129
55570 51629
11236 15064
40734 40477
11427 8489
22562 19198
28481 30953
61373 58984
48927 49715
10913 14257
35704 32723
5641 6089
46144 44780
46720 43418
11603 11128
45780 42255
4976 2570
17098 15032
36946 32532
68379 66168
63543 62868
63851 61933
11728 15269
20717 23040
42269 43246
4873 6
63449 63330
26545 26431
52218 54644
36634 38628
3818 6174
58278 61940
63982 67142
53692 58305
23625 24880
31070 33784
57125 54923
47977 46158
31855 32832
51339 52793
39290 35489
52339 55624
52995 56343
17312 20953
4682 9417
64831 67305
40503 40863
11723 11633
24491 26435
11373 14736
27169 25104
39145 38176
39937 43780
28415 27314
31636 27851
4851 4286
52346 53701
28940 28921
67712 67686
5063 8250
22654 26504
41090 38916
30210 27712
65552 66042
17294 18998
56374 55649
49260 47222
49654 51707
23420 22656
3720 970
37649 40821
34100 34352
46230 45849
63602 66420
27252 26032
65600 65045
52029 54422
24145 21709
52305 49139
40013 43469
16463 16357
53674 52257
9501 6875
14612 15235
65201 67446
6477 7644
37135 41787
59956 60563
40704 45139
1608 1305
40562 41262
3431 1957
60574 61482
717 389
61552 60584
43240 38255
29794 28891
16840 21219
9955 12269
20012 20507
4400 7512
59315 55560
5014 1262
15421 18673
6021 2476
21526 26060
32754 30479
4712 6892
68496 67584
15500 12778
17333 16074
16154 18566
28644 26669
61206 57654
5614 4471
37023 38670
44789 46629
59870 64446
36899 34808
49303 48024
53211 54929
29625 27745
53107 49346
17002 18000
21421 17964
18085 18636
23369 19053
50362 46266
28058 24906
22439 24777
51430 46534
21574 22224
63031 63417
46195 46802
8229 6568
26322 31098
64627 66978
21740 24639
8103 3333
48311 52365
23216 27334
34460 31486
42660 46424
59865 59395
31298 26534
57392 58633
39030 43044
40683 37626
47078 46954
51573 49486
56815 60237
39164 40926
30601 29703
14157 13091
56199 55271
45980 48525
2946 5077
37168 39420
8250 12238
4684 979
8832 11223
55043 55787
22385 22011
22760 17848
39960 41437
65196 68685
61081 62374
44425 41349
46739 46258
15323 19759
50547 52892
39759 43161
46907 49206
64717 61000
40807 36250
55144 59567
45567 48351
4508 3418
48927 46983
57312 52955
40636 39430
38400 38198
40308 40149
6529 9604
33446 28595
37642 40820
56848 61501
47184 47158
30865 29196
31891 31448
26896 25789
62571 60076
36458 41010
5250 1184
15659 17251
59248 63018
65734 60915
8225 5058
61020 63838
37944 41386
11709 7123
12143 16104
38406 34411
7920 11585
21929 17888
31343 27967
41461 42231
9604 11976
1220 3609
13191 9651
21704 24365
52075 51573
45420 42273
8795 4606
18073 15537
45173 47224
63762 59853
44203 45518
18226 23122
54776 56717
2105 4636
63969 67473
42736 44552
62074 58435
60170 56191
31999 34173
13987 10364
47063 51238
12811 8714
8580 13580
58518 54095
59614 61803
20749 17831
32681 30223
32079 28874
2314 376
59149 61049
44893 45968
14504 15769
12751 13835
63177 63651
58064 54862
16188 17765
23876 27667
58291 57107
7117 10022
38546 37610
57484 54488
21542 18986
25137 29720
67070 65950
40997 43926
8093 8444
41857 46672
57612 59744
27461 23596
47998 45671
64929 63314
21467 23899
49679 53557
55259 54814
15601 17894
33133 28194
3648 5170
12898 8476
3060 2127
49955 51528
55157 50427
23210 19199
64829 67154
11304 15218
59538 61628
68687 68744
59544 61749
8865 7004
41161 39593
47561 45504
54168 54249
60237 62689
55955 58573
29897 32263
29639 33135
721 2424
51533 48141
66479 64773
7994 7791
50696 54233
23150 19468
68091 65434
56985 60646
61108 64049
38676 41101
22254 17642
29256 24370
20462 18070
29449 29002
65321 69862
27618 23201
39319 38380
2557 590
13806 8944
43784 43768
33706 38257
23576 23092
10427 9906
66905 67247
55989 53591
26291 29007
46949 44013
6232 5773
14570 10716
67557 67105
8757 12554
62146 65416
3785 4224
52320 55642
34831 38311
12635 9413
43050 47282
67250 64549
57288 55821
5609 5185
35418 36154
41000 39752
57699 60905
57589 55158
27866 23874
4813 4909
9788 9158
11861 13142
67301 67513
42529 39093
2874 2793
23766 27615
55985 55271
59662 54708
21819 20520
23217 24765
44354 47350
49521 49132
44242 40618
13139 8149
34087 36781
55532 60392
6243 6337
47415 46978
30680 29144
10423 9815
57679 55437
12036 13823
36913 37261
30406 35070
41688 39731
47210 43667
38744 39079
10513 14827
69127 68577
9101 8474
43131 43573
13640 12314
63210 59190
55479 52651
60695 60222
50344 47194
63329 65862
47645 46918
14837 11239
57758 59608
28180 26049
11035 14484
63236 60133
62018 66406
30069 26925
3068 6195
13597 11711
32974 30205
38498 43347
35829 39802
51777 47610
39398 41733
41343 37982
67901 65643
43997 39866
23580 22251
51995 49753
56790 54388
26598 23689
25897 29231
21337 25107
45485 42557
42283 42127
63095 65723
5302 1390
26763 31157
49235 44762
34495 30955
19135 20906
31592 34290
32329 31739
32790 32387
6490 4640
22779 26284
17141 16240
64277 63061
37511 40558
20820 20809
49939 54925
12879 12374
3931 7699
54026 50187
31475 33812
37078 32377
33744 34884
5377 7628
56193 54467
44916 41274
63280 64856
59159 60705
18603 13746
5578 2267
37524 35164
64751 59912
23324 24059
5855 9999
40021 40274
19905 18290
15714 13345
3080 5036
64499 60486
41597 38731
35253 35284
20240 19791
22183 23682
44343 42805
54493 50186
24726 23522
34831 36863
58780 60827
44071 41236
48033 44296
40936 39550
63027 59821
26157 21346
45614 45130
16220 18163
55924 58848
9708 6515
8579 11064
28305 25970
36034 38265
26024 24069
65766 67840
63395 66864
35707 30710
41413 44169
60165 64343
64266 64407
45007 42916
51635 48127
46051 42994
56728 59998
65468 60530
51064 53652
39924 42536
47273 48584
35877 38375
24911 24683
24264 28675
41480 42091
64594 61981
50168 47458
66866 61972
31547 28575
3143 1768
741 3602
16561 14884
15506 15725
20078 23530
59617 55465
66097 64761
52389 51855
59181 62854
68403 64669
26851 24099
69255 66996
47573 42941
12150 15538
889 3211
31625 31878
19670 19830
29496 28585
13542 9764
45816 47093
20678 22072
44992 47473
50956 49741
17913 15016
61871 56932
61740 60058
65145 65996
21143 20061
5494 7244
63565 59608
42308 44700
2006 29
18760 15809
53061 55252
16589 21216
1493 2214
5489 1633
25838 25735
3475 7886
50094 50546
66151 62697
28992 25559
34895 34591
459 650
69735 68318
52669 57295
66656 64931
33383 34604
42850 45273
55216 58084
38705 35364
25053 29283
10719 15008
64846 65543
56071 60447
21055 19674
19926 17125
50602 54923
3102 2937
12398 9713
14006 15457
14105 10965
44529 43539
59247 61803
43787 38962
68039 66257
60287 62005
37671 37010
59201 62749
65020 63396
10442 9525
23205 19494
30592 31616
16410 17588
9941 6173
53122 51250
58783 60925
41873 40432
51744 54642
498 2196
41073 36746
51252 47150
6421 3616
39159 41050
50280 55038
6374 11320
52475 50748
59324 58030
40151 39811
21694 24170
10096 13412
48914 45768
13709 10602
14151 17589
15716 11994
51938 54149
24900 21870
61919 62362
29746 28788
65981 65445
34615 39604
64221 68106
46631 48485
16467 15068
64834 64842
60266 55518
61028 61591
28596 28972
49302 51454
44187 41378
56034 51060
14905 15868
62365 66445
39110 38780
64583 63447
33464 31070
19251 23326
56125 57709
4420 6453
19740 20014
5909 4365
1279 2547
53586 53740
30444 31572
65621 63447
60290 55671
7859 9660
56346 55138
55748 54546
49525 45441
42815 42272
64110 63710
58381 57321
7091 7960
64260 67729
31142 31286
30596 35156
14140 10592
43047 41001
14862 9885
12056 11461
34032 32182
65825 66612
55683 58668
63160 61667
39834 42841
8116 5522
60187 63590
19470 22693
64106 64026
53965 58786
11589 12057
17058 13178
19984 20818
20888 21621
49398 49125
63670 62535
48694 52853
57265 54272
48953 48401
5713 2205
33846 32268
52895 54460
64639 68920
36605 41122
51897 46918
6587 10320
55834 53855
20597 22095
12859 15086
32625 35041
25031 28845
9643 13779
9561 4579
22166 20336
57723 57409
17395 20850
21760 19135
51210 46863
59219 59080
39614 39859
16659 19599
41497 38184
67279 64774
45652 45246
37969 39536
44053 41664
53383 54716
60144 58349
27902 25006
1558 1314
67026 63215
19437 17118
60321 60867
29463 31786
64970 63976
26010 30001
25162 21963
36864 38426
44489 44669
29939 31417
19640 21688
8377 4023
16608 18762
38855 43260
10842 15601
10328 13503
51052 51172
22032 22687
38709 37551
65986 61910
15199 18438
37830 41618
30044 34646
58146 55324
28709 26410
58314 57894
8088 3932
52081 50798
32589 33841
42829 39202
53653 53339
45116 41036
15644 15815
47982 44266
15733 17565
48030 46956
33859 33381
66810 68586
36387 32623
20320 16402
50445 45681
26806 29323
33925 38682
16685 13844
31241 27833
44276 45500
53081 50631
38581 36733
61629 64445
491 2916
58533 54273
25248 29023
60770 61150
30348 30646
25146 27510
43124 43074
16442 12492
44767 42127
44208 46317
44705 43698
30828 32747
46226 47066
9516 6130
39083 40891
19763 16573
69666 67120
19829 15631
56989 60441
44646 43599
42689 42904
54986 57694
67523 63913
29343 29994
30430 27093
11861 10768
51741 53109
19937 23532
17723 16814
16418 15895
30545 27932
46661 49123
9987 9786
45774 44092
1910 1181
49783 49098
1580 38
60861 63026
30518 29144
2162 4437
47525 45600
51943 48024
55202 55852
60436 64257
11005 6493
32012 29233
47427 46327
45416 45530
17967 13981
54881 52388
1528 5272
39065 37552
24332 27388
33274 32507
37282 35399
38461 40721
46839 43746
12913 16575
53410 56719
5794 4467
25491 21547
39757 42297
9946 9798
40866 40870
24859 21854
24091 22230
65017 62567
59958 60884
29929 27317
16275 19381
17751 16117
44744 43383
10142 5539
22895 24735
9650 14342
61685 63602
25614 30354
5763 2266
12447 10531
27991 27412
34219 30300
62978 67694
55564 53207
6779 9952
49681 53462
14241 13276
3763 3974
34656 37301
61436 63838
6335 9355
29361 28749
13627 12112
25469 25240
36496 32301
28641 27022
3112 6391
38657 42538
37140 34895
5612 4473
31397 28810
258 3405
24005 28944
64021 68342
12677 9879
52682 49383
65548 67689
18346 21191
51242 51248
26289 21897
66513 63796
1904 6209
44780 48635
64541 60328
21200 24829
31260 31691
55324 59808
18514 17453
4763 415
56940 53812
64220 68769
50023 48611
40587 40814
60703 57811
64241 61808
9558 5010
16564 13056
49386 50283
49572 49879
49323 45101
66286 64992
38949 38810
10273 8077
66428 62031
41064 45554
40463 42255
25748 27755
12884 10594
53436 48972
60516 59345
68853 66319
17730 18151
6476 2811
29368 33460
54996 55747
49242 46740
60739 56528
23552 27863
54300 52986
19952 15601
59070 58342
45542 45310
49537 53617
50188 48201
51704 50450
7363 9852
4890 3734
17446 22131
28722 25324
3280 5899
8016 10454
8477 13262
2193 4229
63136 65518
54725 54931
33199 31735
32465 28138
69842 69689
6922 2588
26264 30773
39615 40663
69615 68311
20574 21954
18140 23052
14511 17458
58849 59230
29361 31944
28929 30483
39339 36717
43846 45397
11530 6651
45832 42817
65286 66807
52126 51228
31558 28334
28809 29729
48544 51187
52766 51272
18111 21406
39123 40712
48542 52218
43493 42291
66883 61914
69987 65436
49870 53171
14035 17119
18163 19929
21857 22766
31072 31027
48845 45442
10138 7888
10558 7309
33091 34728
21410 20593
50866 48051
38912 38871
60537 63952
6503 9861
3919 3386
69940 65121
21931 20084
52063 51139
64168 65016
48433 50347
66431 67867
26481 30140
22070 24652
53032 54826
43145 45143
13515 9875
57231 59672
39569 38993
2630 5095
35033 33348
37900 40539
22759 24593
27720 29472
63988 62525
5652 8200
35049 34931
29839 30572
63320 66401
29661 29609
53633 51840
39277 42659
16920 14857
46836 42941
10582 15447
50043 45961
55142 59436
56268 53321
7551 5302
7422 8100
46651 42096
62415 62255
23244 19890
22510 23664
14469 14100
7501 7109
36645 38422
56296 58448
46580 45790
15077 10246
58480 60978
57580 54818
40367 36841
30845 33697
2465 1622
35283 38031
30641 29365
12843 14082
21980 24920
57026 57491
51391 54557
63236 60997
22848 21461
56011 59895
55419 50818
21400 25883
29798 28074
10198 5827
63381 67751
41349 45217
12045 10449
63779 65647
50923 46014
9505 13906
24452 21801
49606 46128
7458 7525
29165 25618
11109 12915
6689 2453
18621 23491
53992 54321
5560 3985
54934 59433
28175 29220
6816 11789
69020 65764
16994 16366
44702 42395
64758 63971
24072 20278
50707 49855
22666 18742
7913 7706
42819 39035
37011 33204
40656 43618
44504 43100
9905 8293
50692 46741
44406 45721
38945 38442
41186 36523
59356 56405
50655 50267
58553 61039
5535 4989
31141 28849
22046 24238
66487 62489
59055 55067
43442 41738
43678 44338
39572 36708
36195 38042
966 3675
50256 49267
43856 39300
4434 7917
19941 21443
15480 19567
39573 35981
55710 57020
1349 1737
11448 7115
29149 30468
28357 31565
22035 25077
34133 31748
7261 4467
69558 64725
9069 4133
42165 39725
63309 65953
7110 7360
34337 35659
7221 7031
50894 47924
62386 60243
19167 17057
18611 20539
61915 65178
67031 63861
36853 41587
27735 25505
61649 65068
13002 14303
43859 47321
13638 16492
34895 39203
32813 36107
40524 42938
21069 19011
9834 13943
56600 59055
22301 20969
51416 52441
23001 24698
9572 5153
40714 42347
12604 13938
26338 29284
37207 33186
61660 59096
19946 20377
10173 5362
25429 23824
764 1087
10588 13542
11899 11089
66282 64472
4046 266
65381 68254
22872 20677
12967 9738
63842 61316
21601 20469
67998 65612
63655 67314
59295 56286
23312 28227
48863 46583
12840 15273
64634 60979
5417 8447
29718 28761
64368 60801
6321 5400
2213 4562
6545 10859
32358 36946
51793 55954
52127 56246
64987 61589
37284 35246
54893 53378
21608 23972
20494 19218
30681 29081
56970 59197
5827 6103
39444 42295
57296 52638
62573 58078
25261 22416
59218 64095
9247 8618
14336 9907
12873 13369
59906 55054
48111 47253
13136 16172
27564 28838
41596 44660
18408 18775
6848 6517
10870 10042
49405 46609
69289 69086
22695 23370
6012 5888
42636 40225
42597 42025
14253 11822
27133 23749
11844 14160
49992 46617
55451 54307
3701 8285
8021 6409
42510 40969
27381 30191
48159 45934
38398 37632
65107 63260
58239 56588
56655 55315
51787 46825
48855 47253
41381 40866
34477 32966
23151 20644
52010 47755
16601 14898
30672 28721
57193 56558
21825 22950
53054 53121
22025 17046
17838 17388
53006 54602
62592 66784
58287 58441
67689 67850
49299 54107
61336 58036
25543 27158
33183 33967
61624 57127
51836 54077
43669 44448
5939 6006
44453 42564
29261 29035
48587 45086
25087 24654
63389 58413
56846 58265
36958 39463
7559 9946
60126 56907
41339 41640
27643 24335
6385 3666
39983 43312
24170 27592
23525 24867
56662 57854
29686 27588
21118 23865
57249 56726
43363 47148
3709 5455
30679 31940
36508 32655
45179 50118
32383 37026
4024 237
27956 31048
31705 28721
43252 47203
48623 46888
4355 3657
9318 5834
58962 57974
60776 60694
7614 10307
55316 54647
59024 63317
21030 16837
18997 17853
53842 58718
35663 36260
33245 31702
62663 62831
56905 58814
48312 49971
30143 34880
57590 54893
24434 19803
23551 19468
42734 38721
51069 48590
737 4268
42862 42811
36606 33789
20673 23094
60406 59440
38471 41329
41528 41123
9946 7491
19142 15038
5884 9427
23671 18861
35828 38196
22152 18741
38221 34589
47098 45243
51423 52355
58519 62434
4484 3540
3441 8338
51393 51371
13643 13506
21232 23040
10170 9217
23015 25416
55941 54610
37670 36211
56086 51294
27095 30566
7783 8431
30333 30402
29328 31133
17102 21241
45622 40643
56476 58497
69877 68472
30230 26437
3879 8292
169 4618
37610 37953
52962 54596
11366 12128
6534 3707
9168 12683
32709 33550
803 4588
65304 63674
53443 54018
12912 11215
68323 67110
67066 66118
63481 59488
51059 53090
40130 40337
29428 32484
52216 48782
54558 57146
51175 54121
22829 25583
59367 57535
63524 65901
15697 12184
18500 20706
12776 8597
21278 21328
37832 41156
51498 53494
36213 31982
52830 54927
30964 30252
40601 41083
6012 10889
62167 57353
59772 58948
53603 55400
53677 52113
40292 35637
31747 34891
35760 30896
29353 31526
1212 4897
12676 11684
27235 32227
18431 16193
1700 3316
43400 43426
31540 32587
35569 37149
40192 40571
48913 53415
2906 2345
53403 52265
21638 21893
16655 18924
47448 47973
34507 38170
2115 5181
7939 3419
31707 33222
59001 62195
38623 40894
30818 33699
24738 25297
56792 56301
57890 55253
51490 55591
61912 58521
25812 25350
52809 48817
41140 44526
49095 50250
12932 10135
60147 58460
25036 23924
602 3996
42639 38274
68485 64191
62962 64068
33144 29780
33464 32144
39615 35149
62831 64093
29635 27058
23772 27059
61849 60529
61994 66284
52656 52409
12865 15639
28861 29524
37388 34128
34369 39043
63116 62461
38013 34824
66079 61479
44997 44004
39045 37204
68274 65682
53329 53005
10526 8634
20619 19974
21529 19711
13359 15908
66643 67860
66259 63405
64165 61441
49637 46827
44176 41688
19809 17365
58055 58499
16698 17086
56001 56921
33019 34932
9229 7653
35380 31001
56330 55218
44634 48499
51723 48836
63320 63809
33595 36033
9887 7427
36471 36846
54810 50208
43897 41732
23278 23865
5871 3079
2 4224
28622 29197
19564 17203
44282 42332
21421 19815
17186 12744
64114 60192
4369 7050
43839 44487
61197 65885
46849 48794
15596 14780
21203 17653
61208 59367
25848 28795
54927 58307
26295 27623
61064 64060
33862 36854
11823 8006
4566 2803
37941 42385
15206 15273
41459 42397
44121 49063
32484 36666
1728 889
25451 24125
62809 61304
42870 42756
47273 50240
40144 42149
68071 64945
57018 52307
27452 28895
55051 54565
9546 12515
57865 61897
62157 58577
16692 16837
57686 62622
46257 47830
55579 59187
4242 6915
29698 30866
40492 38668
62315 57708
42202 46932
61252 61708
50586 49955
32182 34177
28810 30844
57729 53793
36532 32573
21664 25970
46817 51740
48932 45517
32872 29731
29079 32003
68382 64345
3354 3779
56046 53857
17726 14561
59067 60265
60864 64939
60181 58187
21942 18975
53731 51945
40563 43584
66438 68612
6700 6459
65970 61520
63510 68056
38389 41133
59217 59569
16790 13395
44897 40378
52526 49779
46514 47278
32748 31457
12290 12736
39147 36311
12538 14463
22389 19592
66432 68815
36610 32746
355 2360
62078 66847
53805 58693
60458 63610
21865 18388
43680 40210
24140 24462
27632 26547
33202 28719
36281 34592
35452 32619
68007 64061
8548 13515
25599 25102
9679 7627
48732 46435
52882 50051
47216 43221
65492 69799
43017 45311
28343 25379
51181 54079
65489 62376
27800 28254
60286 59204
24063 22702
66437 63212
3900 3277
22060 21409
52630 49460
18515 22946
20554 20749
11287 10658
33680 36830
25428 22447
1500 5070
24405 27873
18215 16925
11416 9761
5328 4912
18315 21954
8637 7650
1960 3504
43306 42696
32569 27620
44554 39617
6909 8630
66147 61220
19508 17645
28464 28626
2058 1117
42051 45701
55569 53728
6216 5675
47894 43480
60617 63121
3313 3032
8532 10850
60594 58321
42783 47540
59611 60937
66983 68467
55935 57749
14732 11843
26686 29997
31204 33196
13875 9841
48190 52956
5539 2771
47326 43794
53287 51032
59828 60657
21116 18501
29429 31595
34921 34852
5397 2606
11776 7140
42940 43958
63806 64140
43662 47409
43044 41152
55286 58123
21100 17139
38524 36096
38795 41214
37980 33454
27065 26551
11325 12092
20454 22844
40373 40360
295 3537
43328 38510
41225 45881
49383 48367
63004 64260
16270 16172
7323 5823
1732 4119
36346 37928
32185 27533
20162 19337
58036 56812
46378 43792
63184 62861
25387 24582
27544 29285
3289 1666
63584 61104
17173 14546
4054 4946
62501 67135
3495 5892
46387 44574
16649 19304
48011 51136
19497 16049
41780 41137
34628 31637
7457 7544
56630 58880
2640 4976
67368 63343
44855 43992
40401 43223
57852 54347
17591 13414
53847 50866
59839 57117
18737 14523
5073 2189
25808 27833
37668 37980
42633 46943
44364 46660
55243 57556
58486 60034
68000 65202
69212 68264
28706 30656
15347 12663
3603 1739
6960 11017
62485 66665
64446 68016
6124 10290
23265 24285
58252 60664
66421 67374
35891 37433
23194 21630
2411 5531
46027 44824
23004 25399
52571 51704
41802 43003
11497 9477
48905 51625
65709 68356
60568 60996
56947 56305
34710 32295
48722 44719
36771 33386
43674 41117
24996 24620
25845 30091
59759 62357
40008 42760
51870 49044
59616 59949
29906 31092
48428 53269
23026 20217
4414 5411
45360 44150
15839 11291
19881 18357
43176 40508
36431 35198
2652 932
44071 43873
14600 11204
20842 18958
3455 7968
26690 24714
27055 29114
35394 36021
7722 3438
36678 41113
11850 11829
36980 40773
33473 34745
36599 38764
37080 37749
61555 63831
23454 19487
14206 14800
5114 3215
41776 43458
50527 47649
66742 63775
45765 41998
7619 4715
32324 31628
24649 24606
27339 24323
40732 45382
9898 6476
31960 32249
7087 7595
67188 62217
3887 4887
5253 287
47250 46983
4451 9309
47101 47708
10557 8118
13399 10367
23583 20962
52695 47890
7167 8159
18697 19299
32141 31092
58974 54447
35378 31333
2358 14
18179 18249
4200 994
58130 58103
3852 5629
10621 10216
31988 33278
56838 58843
31549 29299
50383 54833
14164 18378
39696 36625
37929 34700
15804 16797
65571 67414
51626 55376
33545 28974
61426 63625
44736 47634
12166 14516
6931 3011
63066 67941
44833 47427
64909 63576
8207 10683
37804 40339
56669 60053
47485 42851
48362 44665
13178 10619
18138 19922
63561 60820
48848 47015
26605 21816
56452 57024
63476 59932
64619 66765
10806 11822
32462 30397
45279 50007
8231 6900
15944 14378
57878 57413
43535 42640
9135 5257
6323 8444
60645 59049
8334 7129
54030 49906
11098 11758
25668 28875
34436 31715
39735 38395
375 5047
64015 60258
33884 34066
43096 47310
27346 29508
12424 13417
44694 39894
26973 26593
23486 21980
34859 30200
49335 45843
53512 57456
45931 50501
32789 33153
66080 69593
57656 54604
6949 7067
57093 53348
42652 39346
30755 33055
65551 67317
33472 29173
47423 51489
58228 61961
26759 30283
47473 48675
55040 56421
36425 35621
4496 5906
29430 32868
1783 2865
28496 24903
39768 36159
16551 14450
41102 43313
19983 24631
7370 3063
31472 34165
13475 12929
34038 38363
61747 57138
69602 64833
61262 63882
17557 21675
28338 28918
9098 8574
12861 8701
2045 2307
63960 64637
38492 41949
44492 45914
37494 41309
16885 18426
8208 7265
67679 63584
22634 23800
14476 14176
6159 2248
45273 46466
44978 43139
18250 19861
41458 44305
21738 21299
40122 39696
5324 416
43627 41691
5280 1748
58672 61747
43713 42223
52854 50464
51090 53304
60127 58690
4193 2388
18079 17742
58760 60820
51775 56679
38875 42889
60555 59847
16474 12410
27783 31962
42539 38829
23701 23837
26054 24451
39772 38659
66432 68277
47996 45767
12969 8017
32119 32309
26117 30110
16154 15674
40641 37584
32492 36168
9662 6286
40933 44706
56838 61395
61032 56606
29320 27345
44388 42921
6374 5119
56771 52948
9755 5388
18595 14873
2666 4497
8720 12618
42021 37976
39897 42495
4662 9416
51433 54363
10122 5491
15445 16112
66441 64360
56005 52038
46347 47482
15802 11715
10102 9713
9117 4302
67410 64488
11676 15783
11095 10144
1087 3784
48979 48301
67432 68944
28467 31548
64414 68002
51858 49585
50190 49035
10085 11790
25824 30293
57718 53802
55679 60169
11604 9925
2185 5237
26079 21084
27127 26403
4088 1444
68450 69345
66272 64452
66484 69512
36453 39200
34061 36795
17740 21927
36477 33950
14723 11773
30934 26221
10698 14652
17096 15317
55966 58917
25854 26530
21779 22864
14269 10827
56540 53713
17671 18980
17306 18417
14098 14191
24453 25893
44335 46869
3821 6119
50103 53007
14064 13645
69508 65314
22989 21394
10172 14351
22325 25407
40390 43529
11332 8514
13958 15827
64237 63316
16513 12681
47319 51278
7018 3369
62120 60041
3598 6574
10803 14038
62962 67537
64976 68342
67097 67227
30304 26325
27205 23463
68602 64649
64068 68062
54185 49353
10528 13098
27360 24711
69136 66838
44707 45150
12407 10328
25973 22912
60056 55746
18161 21025
31897 35282
59935 61950
32313 32446
522 298
15533 20459
49151 51036
7712 7582
8166 9517
47189 47660
19378 15218
21563 21302
37082 40713
47751 43771
23948 24881
40336 39439
30473 35160
55655 56693
35461 40046
1431 3563
4137 2815
39343 44086
38283 34916
2925 1600
7300 9431
1350 2377
61457 59378
31563 36324
36203 40689
41951 41673
58216 53360
38786 38218
50379 50441
6136 10312
29244 24984
11658 11078
46293 46248
30655 35630
43036 46821
66954 67217
55390 59302
63207 62275
5051 1087
18827 17970
61278 58333
13417 9496
64009 67504
19593 18326
695 4354
43180 45748
54373 51458
59554 55205
69253 67689
55350 56799
6483 11329
46744 47088
31268 32322
54893 52225
64202 60646
7253 6048
29535 26604
62119 61657
54897 58620
744 1336
54229 58299
40914 37899
52442 57106
53471 52673
11341 6888
57475 53316
60979 63148
3203 6944
29132 32273
6290 7989
45575 48009
56033 57372
18649 21059
63295 59477
26099 25156
46148 42153
57410 57371
17201 14840
46521 47479
29650 30714
61042 65993
30665 29171
30962 35117
52190 48955
28638 30605
43316 40715
12431 7728
62162 58233
3313 5616
26018 23996
24910 26193
24989 22877
13026 12806
3581 1253
36550 41380
27091 26958
59303 60022
52253 52424
59802 59032
42595 44836
52817 56441
48435 52048
65710 66919
58680 63100
18637 14158
19960 23965
55620 56980
20540 23161
32924 31610
41176 42410
27652 27128
237 3952
18637 17713
53450 53837
57495 54992
44602 41976
19000 20322
63969 64141
61453 61566
46556 47888
5598 3861
38580 40348
52573 50618
36957 38072
52698 56050
61345 66047
39141 42535
20647 19355
40992 39737
45802 50074
69766 66159
10293 6081
62095 63247
51142 54850
12619 17510
53234 57980
11744 15171
11578 8327
88 2717
4962 9961
46011 43023
5031 3578
1705 589
53768 53608
68903 67266
6222 8063
41835 37781
59508 55540
13676 13527
29639 30644
30028 29789
47357 47085
53432 49202
14822 19522
51996 54646
68301 63839
4067 3434
3908 291
18605 14660
38292 35221
23461 25216
63973 60686
50390 47337
1746 964
27330 30183
13832 11798
64289 67320
29706 33604
41351 42654
65875 64729
9000 6189
40488 40508
7065 5774
32030 36884
54625 50776
41645 42498
53856 53068
57042 57790
13137 16757
53519 51062
9443 12616
44852 40033
40598 39062
68117 65637
38810 40267
11185 10152
57113 53954
62145 63128
9523 6364
49579 51063
53785 53916
58616 54303
57261 52993
1923 5854
19940 24798
60545 59920
55852 59603
41772 44559
33082 34566
52348 55122
37701 36613
29774 30136
68439 67585
6381 3600
51624 47465
15881 13995
21867 19845
61286 57030
20111 19761
4569 8591
62037 62176
59601 62041
59781 61936
4847 3421
40603 44773
52059 51412
42242 44225
56385 52321
12100 10969
66598 67246
35155 30622
67695 67675
5012 5643
49761 53956
7808 5446
23224 22044
10771 15550
45327 49604
64470 60637
55313 53759
19184 22435
29941 25020
51993 53270
25170 29259
13015 17628
29350 32841
58196 55561
61817 63377
10161 8455
32159 33806
55378 55965
36452 34247
36508 35193
48586 51643
55233 53461
51908 54306
30695 34449
25568 28956
49344 46078
38985 36911
17443 21524
14271 17746
11290 10878
42408 42100
12273 9741
14736 10565
2077 5001
25259 23893
2432 5739
19758 19080
69628 69786
24984 20843
45201 44300
62274 66607
58034 54431
58248 55446
28715 30135
29244 33983
39756 37766
35823 34660
51389 47732
45752 44145
2460 5982
26244 24819
35503 32577
50519 50692
946 3495
64666 63248
16548 19484
34660 38556
68350 65035
49287 47904
55243 56217
19903 22785
68726 67239
27106 22157
51687 53348
60730 65026
26361 22340
65450 61785
61582 63805
18641 21968
19987 15535
40348 37264
46952 48993
8709 13668
68306 64928
51224 49872
10226 7636
59890 63362
54176 56252
21413 26275
18298 22095
41286 42970
58857 61277
15001 17717
42473 44842
58595 60708
46017 49556
60157 59332
36423 36066
4827 3249
5758 1769
32550 37329
2200 7022
68338 65123
5703 9906
66245 62872
30395 27815
14098 17825
2782 5198
9209 4260
1439 2210
24650 24474
30937 28920
29105 33520
14748 14171
2094 3700
12248 15976
61657 60931
53674 58261
56713 61160
36748 32088
41066 42988
48097 51801
52939 51608
12432 11760
24822 23214
7974 3489
16767 20372
48567 50831
40838 39206
23121 26162
29597 33142
54287 53554
34044 32157
48062 49759
22496 18801
2639 1349
39340 37285
18820 18069
30793 26844
41762 38784
16504 12177
47343 46426
16919 17176
27577 23132
56446 54348
22661 20319
27385 23564
855 4186
54914 53495
41360 45745
12111 14648
52657 55230
30228 32597
22178 20563
37185 32664
934 3290
38776 38464
58798 56831
28912 27699
4973 1325
7994 6959
60030 60621
9804 11225
3507 7851
47352 46957
68804 67185
68800 67110
50291 54271
7092 11007
13048 8068
24731 23821
1456 202
40946 38890
63996 61059
49359 52402
49466 49933
52610 48047
4972 3116
37851 33014
47697 44109
54821 50614
8683 8568
14674 12970
16559 15662
44174 41859
50250 48374
13320 10711
60069 61685
56079 52135
64154 64699
50908 55411
59884 55523
62777 65002
29206 31084
20549 18678
16147 11632
6824 10759
39545 41681
67437 68089
56194 56606
56690 56656
23324 22535
42980 38559
31185 33934
63756 65388
13789 12329
27917 30272
38596 35002
4716 3341
38504 41737
36310 39408
53603 57527
42039 42342
69998 66402
21312 21800
6914 2315
33247 31154
24369 29128
4789 5950
18566 21531
44384 40399
41290 45324
31359 35949
41159 40272
18095 19426
38948 42797
58087 56057
1371 5446
1687 696
69676 68257
41165 37172
49215 44407
31991 27579
55554 50925
36466 40118
45984 42825
57299 61483
64205 64289
64794 64136
27235 25793
46565 44797
12085 11435
44867 48791
46940 51880
66124 68942
41730 46502
5786 3690
56125 57491
12847 9372
9639 7718
64810 62918
8504 10070
52630 53646
46039 49066
32026 30623
14850 16571
7061 5542
25053 20087
10630 5738
54011 53879
7003 8766
52726 48539
57944 54305
8633 3804
37136 37523
64562 67687
53908 56675
55333 51671
24149 22746
42772 41253
37521 38024
37678 40779
36474 34275
51987 51870
44472 41682
2639 7180
25771 23495
50029 53589
46113 44374
13656 10816
56638 53120
12216 7946
55021 54099
8626 7177
6631 3990
10695 8524
20019 15504
15196 17064
37006 35816
19366 23755
28401 31159
46566 47327
53381 55840
2070 1619
29028 29059
19762 22184
62257 59254
40923 39503
18389 22749
54257 50649
62139 65753
18915 14851
31642 34408
48866 45546
62830 62345
22752 22878
58873 61837
63092 66171
22363 26047
24441 19904
6868 1926
52738 54065
53197 53432
60095 60917
13106 10606
64352 60347
54086 53489
21374 19974
55803 58879
69329 69615
54751 57412
9136 13055
2550 4728
213 314
8146 9441
7124 6622
29619 29849
11833 11660
8629 11469
19529 15179
6289 6525
59594 64136
4572 1976
8709 8531
1630 4805
55254 55987
22694 23087
38924 34747
12050 10800
32171 28771
63833 67208
15545 18843
25228 23291
52540 53846
66420 66484
63154 63091
27786 29637
62961 61480
26194 24228
45767 49649
53592 51309
59647 55138
33224 35706
43854 41743
58203 61055
33245 34122
27073 28818
48133 46418
12293 15834
2539 7183
13522 9764
9073 6912
40424 42737
38061 36518
19701 18534
8649 12997
58748 56890
34009 29584
10955 6450
29278 26496
61102 61640
64314 64573
52408 48125
23403 21470
31393 27451
5040 4323
41398 38270
41492 45501
39375 40636
39333 41638
27792 29544
36711 33968
7226 6546
57339 55713
41179 44399
8748 5103
20640 20951
62264 66827
19555 17631
38008 33284
34162 33106
62587 67309
30674 34885
6362 5736
43214 40205
18135 19698
41725 44843
2340 3041
12623 15464
42552 41580
26325 31317
35630 34542
22583 23018
12692 12142
57559 54167
9122 4755
23352 23271
8735 8480
59608 58969
50720 46021
1111 2673
37390 39407
42690 42094
69276 68198
28784 26475
15889 13884
23210 26394
34900 30469
33275 29001
61213 60671
59752 61977
36986 39559
49190 54172
30826 28363
38474 42018
54252 53984
58098 62791
25070 27740
22243 24310
12813 9299
7100 6005
5740 2893
6870 2146
22570 24900
57846 55771
15695 16255
15112 10449
16077 14376
68387 67277
7256 8856
8245 3791
37009 38246
19187 19437
37625 42328
30604 31482
24650 25331
64777 65440
63145 64655
7940 5142
52157 50677
27900 25664
42558 46005
24676 24882
57324 58540
59161 60382
22060 20641
16708 14241
61907 60174
44270 48474
23538 24769
14393 13596
42362 45972
39644 38339
38378 39736
12324 8234
29278 34064
61048 57009
46182 45952
41153 40004
501 2119
38094 34721
51048 52322
51710 53866
7144 11355
21196 22942
28477 24498
19542 19345
29937 31285
59454 57499
27223 30837
36216 35426
45845 41658
26442 27557
61416 63002
47823 49771
7369 2527
58290 63100
26481 23549
43746 41160
35378 32726
24948 20345
14095 15104
36895 37489
37550 42459
30727 32072
5444 7475
41828 42770
38184 39989
45500 49037
67205 65259
18604 20449
30803 35623
18064 19246
37939 34793
27905 27810
12461 17273
24636 28675
36771 40508
37363 35273
16250 17365
26081 28534
12477 11829
20346 19213
13145 14651
9549 7339
44859 43551
38681 37798
28635 27717
55204 55358
4435 2562
61000 61745
5391 5075
7683 6282
40206 38381
13041 10300
55577 52029
53645 57318
42740 44200
44090 41911
1265 854
27807 32624
25997 27780
24585 26900
32319 29860
57698 56328
39583 41124
24234 24464
62532 65494
4887 3095
6342 2763
4875 1435
54757 52626
9839 14743
55904 56553
46354 48735
44089 40929
43599 47840
40545 45493
68550 66669
27432 27851
34180 31061
46291 41484
59556 55264
30057 26869
14719 18016
3113 4771
53527 49436
40389 42963
61553 66471
61435 65527
9974 7049
22261 19277
9259 8684
37783 37676
21865 25009
65758 69849
43980 45062
22641 22297
48627 48332
26674 31453
56462 55716
18193 15226
64636 64096
46630 50535
21765 18532
16208 12621
9811 7909
17161 20420
36813 40136
27675 27941
42663 38199
34487 38593
22145 26198
18640 18438
5340 8670
41636 42070
67286 67409
61725 58838
49237 51029
20804 17383
20380 23834
48282 51699
47204 52155
5960 5444
24676 24458
22848 21318
63574 68132
51356 49337
19692 17990
17508 15743
8463 3515
2932 485
50933 52065
63496 65735
30323 30345
23466 22214
1233 4224
27335 29720
35131 30454
24986 28523
42450 42576
28254 32203
16164 20956
48728 49894
29316 34108
49340 45209
53521 53043
32109 27249
38466 42514
57001 55747
45742 49221
30433 33319
52365 49008
35338 38525
53034 57397
60920 64235
6810 4675
34501 39366
63896 66325
39604 42214
46901 50188
8633 6599
30431 26962
18332 16214
5148 379
56395 52282
66450 62958
21271 20805
28380 24378
21190 16348
5659 10165
15810 20495
43616 42016
9858 4961
58066 57102
6315 5008
52865 53668
64061 63777
64345 63382
31547 31189
68516 64762
36783 38344
24183 23808
44183 40884
30070 33010
42058 41532
36468 33445
21706 19826
53272 57595
1622 5489
47854 42913
64568 68557
56108 53981
51079 54128
31866 32083
4581 5128
66018 69646
12147 15913
12879 15449
23381 25458
34354 37472
25991 24212
58803 59143
48002 52881
52044 47444
18820 22450
53356 56665
32420 27994
28805 30325
19324 20339
56679 53144
61510 60449
52883 57831
26156 27698
20256 24172
7786 9655
15783 12716
1036 1565
60787 65513
30995 33582
34500 30327
29539 24996
55932 60440
8881 13177
23982 22147
34665 39169
45930 41638
25713 26798
19260 17147
32297 31876
59471 62175
15142 10510
765 4679
45276 42378
53178 54691
60228 60401
7486 4485
43538 43562
48703 47546
12958 10996
58727 63236
19965 23853
20536 17805
13406 18114
28975 31641
56807 61403
67854 64976
8403 10338
10416 7599
7603 6017
53661 57668
22830 26875
56457 58047
28555 29846
42371 47202
39952 42138
54111 58358
44578 47990
423 3665
66029 67384
31774 28299
54682 57467
7196 7943
65382 69243
17243 22089
59163 58910
20082 15535
2983 3133
48463 45168
34139 33847
31706 31464
46211 44084
20586 25428
24795 28217
37284 35983
3360 6974
38627 37662
59557 59482
23913 23517
67087 63649
52042 52974
27418 24215
30161 28662
31298 31624
64988 65842
61086 60532
34262 37836
44286 42345
63181 58431
56600 53585
21685 17179
15890 12057
25003 20792
49682 52987
29076 29007
46473 41476
60182 55283
35351 38291
46323 42914
60043 63343
5777 8959
1225 2232
20715 25577
3485 120
47546 50344
41198 42054
60442 56417
21774 22809
30064 30241
28158 27895
27067 31249
5428 1267
63246 59961
1698 54
29722 33923
44110 41009
26035 24140
11939 8287
48899 47268
63279 65745
44151 41900
20969 16157
41780 43421
50012 54502
36894 33011
21812 18425
33728 34372
40894 42434
33777 35610
15664 11623
32476 35815
33468 38045
3507 3126
67943 65540
35907 31967
13791 13402
53342 55260
14302 14929
34162 32934
19157 23807
22014 24464
28431 26884
59192 61468
15478 12224
47629 43599
26289 27906
46779 47125
27016 22703
47810 43643
40085 44789
68136 66920
61900 58212
13719 15029
32889 32021
17641 16651
7045 3113
22695 18721
48998 49923
37016 34783
66768 67417
28972 33377
7876 5850
29563 34345
22894 21079
11506 9540
22110 24138
16982 18810
63109 63785
50538 52644
51480 48027
35016 30586
28430 29766
31975 31959
24004 22446
27139 22925
6195 4876
60029 57404
43669 43838
11147 6172
20118 17593
4629 7429
61200 60857
43098 41752
61095 61855
45559 50156
39107 38350
38156 36082
55471 59371
4219 1644
5090 2922
20792 17027
4264 5779
13112 17903
1416 1702
17069 18436
55951 60925
59782 54877
7513 4435
10818 15353
51659 56204
53022 50686
55681 53955
37909 37263
24525 24622
4145 8388
42546 46673
12536 10078
65763 61682
42493 44491
10548 9295
12359 14733
11089 9079
3531 5013
41390 36459
38612 37616
46264 50579
61038 62619
17457 17753
19494 20641
10870 10648
57686 56396
14207 17373
26217 24834
33309 28760
18553 20199
24395 25986
30792 34027
35864 37904
57928 60674
19924 15700
43449 41415
6284 4872
21773 25681
40378 36749
4078 80
23937 19315
58092 56436
25803 26101
21942 21974
19488 14539
11868 8655
23282 24492
57455 53176
60790 65089
61140 57158
44527 43052
33264 31693
54618 55581
58586 62370
14204 18961
30008 29456
46183 50488
38514 35420
4820 9307
5374 7057
44849 43860
25774 26227
28478 23748
24878 26165
32635 31628
43929 44061
4197 4560
38577 35378
12919 9180
18243 17857
22690 18887
51838 55336
45436 42824
55230 52055
281 2137
25738 20984
39600 42571
22650 22811
47613 47122
54245 56901
51695 55923
66677 66930
45477 43642
23748 20604
14151 11110
34145 34989
63785 60012
62648 66247
49363 50205
11416 10663
39103 40424
11545 16467
24273 28021
47628 51744
49052 53066
49124 49434
51170 50865
15398 16899
38003 39394
33922 30983
43298 46525
8942 13734
3646 5019
