2000
60104 58907
44050 57014
74269 30928
16973 63265
42556 60295
25119 25738
49012 27924
54953 48699
12333 62875
43861 66631
72666 5970
17649 3384
50398 57281
9604 56644
66569 24968
46095 28184
57040 62916
51011 74245
9201 16322
47418 13386
32519 11499
12429 55561
45159 42259
5085 7179
5914 57453
12521 65321
46798 8644
18359 3150
71129 70260
65950 53388
56314 53886
35492 60656
14122 64027
22659 52549
68439 23012
38256 41471
29742 1850
57604 20105
3634 31714
60816 14555
1297 34802
52488 18087
47021 60845
9357 29128
7021 68208
71570 71370
42614 54830
43556 30345
66518 6512
34387 74998
49510 18638
20769 47872
42431 51574
35928 45630
36478 15845
15739 24457
55999 74155
20642 66857
63301 55331
7212 48580
24595 37000
2632 29279
27693 11797
5547 72894
20583 30947
25718 7602
71314 11582
45067 74124
61927 33788
21135 27026
24015 29193
19293 61670
2111 40032
1544 25842
30421 68155
7473 1623
57854 58587
29499 54565
3397 64458
58755 34105
69749 43083
12779 17465
56810 61112
33898 46337
48875 11490
10531 40421
41208 40650
15606 8675
54957 73959
51662 16760
13183 34725
12878 1394
38539 4030
60390 67109
34316 27026
253 34886
47560 40121
58627 18300
43626 49239
51612 37590
62681 57140
33819 48966
22647 30808
18289 68854
38701 21985
38348 34251
11547 42509
33507 62071
26877 13043
41465 43128
28846 6928
25895 55632
45724 58676
7314 44543
854 62263
52087 71004
50223 47169
53437 69830
36289 19299
1988 29694
51039 17990
7995 15745
58787 57603
18028 52447
55479 39559
74474 28207
72358 31044
71818 24288
25937 6405
362 19151
27320 57757
43437 53879
38583 10525
6834 4061
11749 58411
43240 23297
57282 7853
25967 27148
36290 39532
49137 5834
43566 26721
55637 72558
42405 47922
64646 12260
73272 4650
32050 28139
44442 35578
46821 59770
8448 41078
70882 2456
30717 49682
27555 22439
71404 3524
17535 54606
55534 20791
74250 39727
41417 24546
1277 51750
53903 70671
8304 1454
19282 60202
26445 21489
11965 50138
35285 21377
51904 58297
36432 12158
59565 33122
61590 47033
21367 70889
19429 48491
25690 29788
30499 4502
58687 37839
48751 62091
71253 65639
28766 71450
3177 41206
62758 52317
23712 15133
34003 68634
19916 7537
41336 10933
10935 13544
73979 35566
15813 48614
40296 3571
35698 4454
33982 58873
2294 57020
43135 71851
40480 48273
72608 43986
10598 22981
14996 15433
24638 51892
38431 65257
36514 20118
47582 12345
5893 67495
12595 71702
5650 25020
38872 20333
49098 63932
12953 36804
42864 17017
10510 59249
15406 54067
35355 57147
33986 32388
70756 51853
41470 54127
7954 12640
3856 15240
7290 40829
73710 62118
11970 62874
37466 26087
14312 40793
18309 54635
209 71376
71640 73053
14413 8882
15645 17393
53649 36303
61132 22810
58360 8475
63328 34542
17710 61053
69929 1738
35095 35051
26544 32214
47823 16390
45800 25898
29512 47871
33800 35655
8611 68882
17157 74555
65756 46915
53614 64716
44868 74296
5154 73341
8421 23758
22647 5148
15981 26235
69609 42065
59918 12955
30652 45009
55698 17330
64933 74381
48201 1625
16700 19459
3451 43376
32291 52447
48130 72253
21792 19966
41497 50839
63052 31300
33908 46323
13567 54689
43427 72472
31646 4300
57884 17499
52284 43055
1192 53062
30506 50557
40507 50168
23382 46213
7237 42528
3308 2990
64536 45274
56086 56531
40465 27760
43771 52064
44764 53794
51896 7947
73240 19728
46209 55403
64373 72337
46077 68330
14871 16599
66042 64853
72014 226
7844 42379
70125 44255
48835 68147
24531 40359
70020 14163
37380 35779
12884 48153
62701 59243
11201 65366
64783 18146
72444 11782
8370 30828
3081 28746
27199 65528
48139 59194
25350 24690
74470 28840
12346 59555
4754 58613
34917 49260
55807 52579
39630 70321
43649 10094
60138 48726
32351 61818
60180 3625
68972 43995
58751 47458
32445 56399
1416 68399
6550 25960
33455 68315
35183 64053
5039 29332
12196 61667
13311 72169
73941 57389
44905 72929
40730 44525
40333 31455
68614 61978
6530 2885
53775 50570
45981 63395
26542 17813
43911 7360
60410 5911
69296 22697
31982 12840
68256 35844
37876 11927
1897 32889
35225 49836
62269 54772
32347 8125
64225 3838
22553 38579
63377 27743
29766 67634
51782 5875
18799 13447
12373 49423
39698 51404
39645 61386
20544 31568
14846 29457
24083 19091
66394 45357
2337 7944
12602 54403
17222 65503
61139 31923
24424 30153
45495 72656
11484 46600
13694 43784
42474 34719
51085 60274
18106 39623
72222 2379
68133 18014
22683 13454
29339 23540
5500 49426
68482 58569
66509 20410
42344 27788
7633 12617
49996 47720
5173 6659
26793 34876
12340 27308
26839 5273
42633 68127
345 53869
21452 5512
18222 23580
68717 30009
9114 59132
65702 47137
66650 24146
66281 23389
20406 5601
67636 57386
5213 56911
65157 40642
12510 73082
30562 60653
44211 64053
62415 13618
64375 33029
22739 66782
46164 18030
53193 27912
30620 56999
11607 64820
57387 44487
34835 6994
16329 67921
60328 15476
72494 74154
42934 66632
71019 68636
57347 29512
61708 33611
47356 63304
32810 2497
70255 36562
41842 70191
51691 29742
17148 22333
71136 64156
72514 31874
53482 50253
31916 53986
40560 56525
70254 42128
19924 55970
11683 16396
20749 9121
56531 65970
34633 39017
41140 18001
371 68113
67537 8938
56469 46758
61273 73750
24614 70041
10304 44454
49067 7358
45624 61145
1242 5882
58028 44984
17222 22468
34103 44448
30013 10798
54104 74005
31444 23976
11297 70032
31340 52019
168 23938
28457 52675
12592 25979
14921 16241
4485 55639
70011 14329
63574 61010
62959 39937
70644 55571
73424 18532
4912 26586
3752 2368
13262 33987
51771 63615
7343 19321
39176 1584
7839 51753
21766 72432
60173 57743
62950 4953
51299 42064
70431 68262
38438 6149
50697 25491
19377 24509
54661 56335
42124 12624
35294 14172
42776 16673
32691 36413
29983 67503
34726 6180
36860 622
71278 50233
49320 3075
34 52493
21102 73362
4763 56587
14735 63422
38323 18011
29795 49112
3709 61227
60672 1754
39199 34319
24295 34285
14770 24113
18798 10428
69547 59630
69791 74710
67750 61298
48491 27821
72576 70654
11840 18110
73677 25650
32063 73704
12078 68831
58999 74038
42414 19843
29437 40471
22635 74753
44959 34263
67273 14180
69606 53976
28462 73471
140 18442
55506 5421
26455 45341
19997 16478
1767 36102
50502 11285
2620 12467
17650 61917
2148 74603
17057 14494
42551 57681
13948 41460
70871 11907
47174 8271
62264 21170
3059 57770
71935 57945
31544 51837
1185 9858
67834 7507
2898 46042
64640 64820
43344 17877
70290 71124
16435 44388
41291 65684
8839 3559
21288 67662
74942 31478
36009 49710
27469 64421
12970 11708
46865 2608
38505 28658
20686 47017
46070 73182
67253 26211
37178 48869
8115 26906
51103 28779
13509 8471
30793 60778
21199 52467
36326 25384
61856 13669
17221 11844
7927 18882
56055 72418
21656 34003
585 9734
26042 38045
8126 59991
6052 25906
64814 32767
6131 26264
17535 10259
52896 56867
59770 52208
20222 48292
54029 8578
68884 17538
15633 26380
1840 60820
47733 36378
60009 7067
53042 24700
47911 556
52226 65278
38471 42439
59052 65484
72083 22946
29799 27862
49660 34151
13995 45941
32518 17353
32861 54031
13877 24599
39377 25348
30611 49181
50993 74280
31057 38786
51962 60201
26383 4446
21276 22934
63680 33275
39389 27583
45599 43563
66178 36075
43224 9762
21302 22
50211 62575
1398 64351
68813 71768
63029 26998
61400 71793
14100 73380
29887 67327
52528 8592
72405 55502
12723 28865
9247 5206
53735 39034
23278 15481
21853 22614
26584 74682
72879 33588
2640 41173
55132 22580
60610 73627
56103 46884
29464 67285
55891 50745
64347 31029
56821 10457
13941 40092
20279 62121
13749 14493
39189 47390
15255 20029
8556 55146
27266 25283
10179 73472
38683 67325
14905 44044
68541 15212
44088 66120
31675 1018
13587 39274
7615 24634
45327 23039
73340 27089
14541 71745
29423 55671
61350 26248
24130 10594
15165 22595
51008 73725
7556 29401
16610 69617
65604 23802
26998 28561
36171 12215
19533 59694
57661 29370
68214 66792
36582 2511
68861 25820
21979 31850
63754 29513
23219 17803
74086 26773
24404 61392
69213 29876
16721 10877
1034 57998
32016 26891
49810 32191
48913 6779
43120 35691
44997 44319
51183 45929
808 3053
46322 58596
68557 28440
28645 32976
41713 61058
34277 61411
60800 2083
17154 31762
50969 18359
68951 56076
9279 52420
38590 32156
74348 21762
60217 71220
24702 46614
73620 5917
60844 48941
6597 17525
51818 38615
8445 11028
66110 14928
18368 28715
49965 74366
59119 51453
41908 70302
44220 36344
72465 59354
36254 71700
64925 32296
65118 52676
24290 12904
8094 22172
53749 2522
61117 25832
72007 32148
57523 19687
18731 67883
438 5837
68578 4050
11760 70210
54677 54337
64849 24599
71897 60698
74957 49525
25231 59218
52903 53326
19172 16705
15909 66038
1382 41789
57866 21484
34189 11083
42950 59586
32030 72543
6575 38019
56397 8988
19323 3997
59492 12966
20004 45366
24450 108
47460 36443
57219 5673
14089 35828
42918 19279
52105 52064
12626 21386
27169 33665
28162 24249
61148 59398
60501 51492
22943 14566
63170 7467
70056 16880
22372 15339
48089 70817
7563 57717
55031 13922
13201 53834
66747 73658
44550 28980
31725 4579
20087 28494
41770 35179
62085 50672
70152 38835
18864 49072
25936 7365
39448 29010
44998 50093
9682 27391
66416 67485
49582 11081
43170 52640
18432 73150
26391 3162
61333 12738
20968 42491
47748 22004
32254 15982
38326 28823
64931 58527
43981 37590
72644 10713
34266 1212
26690 4631
26372 35244
6161 4143
31193 49187
69156 52551
2452 4549
64453 59147
21528 26614
48159 5324
8107 36719
56355 61198
31508 54132
66163 22436
26505 26937
65597 941
26583 36049
30038 49494
22677 7106
67720 8374
63086 2272
68015 50933
72627 72818
19448 6683
47157 5889
15995 56151
45736 26066
20553 67327
35990 19654
49702 22437
18431 48778
17448 69910
24023 60839
33964 48600
15798 56606
65229 10764
10856 686
19356 63652
18299 27951
52732 14771
32088 12644
60181 14876
65934 4741
34799 37736
22016 53492
58383 25785
39340 31293
20207 59934
30106 19543
49407 66413
37628 18044
33758 39356
12809 24336
36198 59116
7741 50238
30687 7306
66464 57242
73804 34674
6125 9187
67231 34946
55859 22377
20697 33907
74651 48998
34284 4697
30560 42069
19612 5482
13663 64184
31826 38500
57823 4062
67009 30206
57768 40864
4279 16331
42290 23671
59355 59774
51223 48529
65323 3743
37233 43962
47410 741
7613 12380
57485 42317
72997 40664
72346 8591
29298 36511
28240 44706
16733 25593
23641 40213
9476 40441
20719 60763
25566 26495
8603 58691
7057 59753
22887 5645
28084 46927
43261 45286
8140 73494
64885 20420
13100 14293
74091 39336
72351 16819
1312 47183
36304 26273
16272 73577
52643 21623
46615 27632
32408 65777
71141 13045
12776 10036
489 60331
14070 67691
74565 23030
65183 44164
67490 45283
39388 69929
18013 45
42312 9658
67205 5273
70579 15514
15965 24721
3598 56703
50742 22362
61989 45387
8742 25727
7596 46757
2803 22938
2083 16841
51481 56636
24885 21896
5108 3570
62163 3015
17948 14497
36447 21489
28849 68849
56895 7007
3953 4615
449 65345
9718 44815
45962 28368
22147 72452
2308 35659
15852 3354
25867 61663
60611 38262
40427 69287
67758 29174
16078 8097
30663 26333
34823 9217
8941 13706
62999 65953
16324 23799
21347 60667
35850 59785
33108 28581
38937 18517
12448 22866
27280 73832
20856 7127
31923 44291
20588 73666
50901 64272
40232 72234
25023 31775
14394 14845
31023 20606
44850 7761
60698 34955
39774 23151
32127 32712
61024 74415
50729 67229
23996 22367
73870 59468
51376 68089
37607 32001
42986 51065
45087 19907
58498 72214
43731 21305
34101 52862
23440 20630
47586 70657
48872 46433
31466 42135
19668 60617
18645 24947
70500 11150
45397 54611
37935 42779
26565 51209
63751 64583
9985 7682
47907 54521
43277 49271
19409 37487
22938 71672
15767 43592
13679 35573
3812 15135
18694 53830
66962 62178
33861 68186
61835 33012
33794 57175
44617 30887
33152 34651
23556 51088
27568 68220
48179 32455
11157 17524
43590 22317
37839 3346
12052 61199
16552 51490
59446 49107
9189 47713
74323 7563
33811 56886
16702 11585
6181 50061
64956 56545
67714 9874
23033 52878
13777 57242
61503 7235
45275 4823
1950 51269
45415 34611
68529 6310
69957 10308
3328 16251
61931 14487
42536 7805
61494 42948
55010 72008
52071 16484
39435 36398
56285 36736
31541 52164
59638 14255
52616 27882
37093 74472
70582 12332
11176 35351
18758 23093
66115 64932
50188 6275
49026 13998
67012 8029
56861 15737
31791 62266
58689 7221
34080 53198
19263 46941
5591 12469
66693 59469
6451 18789
61780 45115
65332 953
44444 16285
35694 28754
11536 20222
68818 11647
519 20095
9786 35759
1271 68893
26677 43440
16024 41422
52153 71885
2033 46140
8567 24378
821 34415
42494 28198
45100 59132
48882 29327
491 401
54269 19528
48141 52097
51762 30642
42513 65858
32444 7442
43346 48654
48170 56554
44013 72931
37416 61566
5102 66259
21548 4389
43744 54131
6150 14362
15119 9512
14752 61994
27213 29258
66303 5302
38769 17740
2075 2297
41883 35304
8436 49541
13990 48833
33427 18518
49048 57129
25040 75000
53430 2348
72667 3026
56706 12823
72696 37100
38298 26344
70549 28242
3000 59923
45747 11639
47311 73874
53837 39242
45376 52138
29154 14498
18655 50237
17003 40355
67467 49839
47607 73607
66846 27991
37072 8771
44963 37141
67989 35937
62934 52426
47664 17813
30689 43692
68525 65038
67535 44906
39518 2347
31162 7061
20447 29686
55238 63474
39201 54178
38832 41929
2277 1034
48105 13015
18720 33177
5701 56281
74543 28180
68479 63759
44637 57649
43071 16294
59874 47078
58743 12501
39806 48456
37429 22138
47252 14935
1023 61699
64915 35294
24301 42825
20933 46007
13390 7969
36882 22923
52994 67260
35324 5288
1878 56858
49227 13016
5779 7390
42235 38877
44195 14379
42378 4805
71192 5303
36015 67803
40563 11012
65745 62092
21195 63185
51401 20023
37843 24438
74614 61012
70668 71545
9059 59321
30005 58318
16448 18640
69166 13152
37456 5451
73888 34013
55719 64117
7891 14561
6802 73610
18085 19402
70483 53270
22775 49892
45616 23438
50005 11552
56057 42093
47830 16274
54728 69182
45499 31439
18306 68097
45826 13752
25502 74920
46641 67216
27787 22252
8099 66293
6832 36811
33575 4856
57941 48791
39417 67386
60319 66038
30794 25819
45518 47965
26566 71002
32944 73331
34056 66293
62441 47786
21309 65986
56331 73839
55317 53098
4640 23969
33440 12284
30753 52431
24051 10673
24869 48498
38572 60543
24785 63056
20612 28896
72397 24052
5117 12696
19523 26096
56184 36484
29924 949
47862 73054
58606 17240
35983 45625
62594 6752
3035 71305
55724 73530
41846 65901
15723 66582
60870 38163
35057 18854
30748 68331
50016 45941
48744 72322
40625 57404
43534 16242
38967 10725
37534 51780
19470 61567
16046 48845
14544 17178
3068 21414
24519 21374
39948 56670
748 56713
510 28217
51829 34668
41563 74337
59682 51367
5068 70166
71971 14719
18303 38375
31745 15278
37651 25401
46495 6494
64611 13219
41648 60664
63189 64766
49704 48805
60902 38053
43926 28777
67966 63145
21857 23615
40531 11031
11749 23725
20856 11401
54122 2978
66396 61148
23426 62386
73135 63294
74226 16671
45581 26071
24611 43498
9165 46915
53663 41119
61519 3119
17262 29291
18668 4519
56053 36829
41668 26528
65889 12764
4357 28062
63189 35203
58134 18323
56631 40866
43310 68052
6658 34741
29746 55751
68924 20953
72410 58127
3578 1662
14208 24244
21904 9807
52472 52007
51793 29756
26082 60552
62624 36453
63446 36966
59555 2957
8721 9059
55607 20215
10322 44066
27988 72404
63745 69703
16016 20347
17295 37114
31983 53041
53578 24233
49360 55626
44889 48172
16476 64652
54381 31904
68382 38368
59340 10268
55349 16115
11539 57211
51050 52613
52707 60452
71029 40261
26106 46913
70524 22097
31300 20509
6702 9428
27566 73837
69007 31993
32488 19882
58491 61407
40937 10517
1351 8952
56186 9281
72308 68740
48347 1103
69331 58100
47913 30060
1441 72565
148 50159
45564 22156
51637 38983
26754 59059
19446 41685
43492 18326
33114 13843
13791 61239
16632 34489
7212 39650
23097 50760
2502 11923
70047 62821
53031 40478
31213 49986
32895 73779
685 50549
20892 31911
23870 51323
21363 55433
39184 40643
20455 10333
64209 21768
67113 13219
64983 47498
52734 43611
5029 67214
22368 22742
33643 50691
29330 55378
52435 5064
7453 10691
40750 31617
14313 13095
22099 60613
44712 30389
23902 51584
21182 46748
72221 69272
24196 55943
44833 24174
30405 3037
20127 18720
50429 18567
60923 55531
38770 25875
70914 51755
33372 43714
66676 15881
19137 8433
49918 14746
18988 53136
31359 7767
4019 50638
46598 26299
41469 51281
64431 20333
67972 38256
9870 74837
49696 26300
45877 2564
16984 73850
15767 46996
67493 13655
9358 47160
57499 3045
28194 14262
36975 21964
73628 41974
3122 74774
36962 9795
42508 5357
45937 16377
5867 52435
35188 47022
50588 28800
70702 62180
38686 50335
38742 66562
20170 10496
6229 47492
20282 43299
56788 44796
44435 64884
18558 62080
20511 4831
60524 35689
50192 15492
48277 54506
8097 36980
72645 63464
49183 1801
13854 68134
5798 18917
14199 404
70857 24272
61681 48297
52277 51454
50391 70229
59120 43922
15231 54643
66117 35460
24463 51910
23627 51423
36295 63040
52336 27734
31554 46232
5951 26053
5135 9421
21356 49412
45474 9355
27214 2242
54777 43038
47643 37349
4727 36314
62452 73813
31461 50325
67884 66974
17912 60494
32206 48489
32384 37933
26633 71889
72796 68878
17309 7213
26034 10795
27547 48473
682 1980
12671 33939
48595 20387
1399 69667
30684 52410
58735 30598
9669 22708
15042 32931
13248 43534
58029 23634
42694 49940
4639 68282
11675 23466
41556 16750
58842 24897
61093 56597
3157 4685
6937 68309
55777 17268
31904 32129
7314 3302
35434 50109
49501 67341
43520 11289
66906 29350
17866 9018
52507 63426
26236 13391
857 32375
69150 51532
32489 3692
55525 48354
10416 45939
69978 65890
1918 59750
70203 3897
6143 50936
52380 5331
13993 4105
26588 18983
31637 69728
65423 61160
44999 48415
33835 45928
70791 64492
47463 26477
26868 21512
6285 33284
7930 18663
69937 25760
30726 55104
28428 58463
61421 3086
41448 71366
53003 76
58450 45550
5720 34311
44044 41764
34294 69023
8469 33564
12188 35646
37869 60985
32798 6015
57687 60294
4385 60880
20616 24419
22914 32307
21730 46712
44246 16750
39303 57448
65315 29158
51165 47454
65428 31777
53998 15084
20916 21165
13306 29913
74174 18472
47956 49077
1273 51492
44781 4073
72819 53180
4359 48661
49879 67696
21110 28361
40621 4191
47372 13912
45245 36257
64922 52553
5713 24579
38495 36453
19763 24616
29372 59670
52237 31712
50715 53389
56088 25769
34492 39962
20071 754
64616 335
41675 10935
41939 2237
65227 47125
62851 32918
42371 28749
10346 37955
6365 13756
63533 73975
71150 45763
28976 28912
36649 16958
3974 23470
42340 60683
70365 9915
29556 72900
49304 65350
6287 53270
34879 21647
14060 61323
65291 35631
74439 50180
25687 55798
43954 1369
45098 719
22319 37674
25959 21212
53142 46395
46436 406
24504 66930
32560 41471
61347 69146
34020 34261
54691 56602
74556 27887
43413 7088
21791 38846
27491 17677
8754 35130
18968 31249
38344 5306
35472 9158
4083 32266
74686 21395
72393 45560
21308 68454
674 22483
59424 37444
21688 46933
32246 72115
65112 13003
46791 7158
68812 54470
66256 9811
17711 46327
42002 20221
64227 15803
20491 39461
38138 31375
43343 9623
34658 36433
46996 68506
29157 36454
70656 24474
59193 34643
11015 36336
10685 31308
53927 50692
57150 55420
48865 52314
57547 36223
30959 42219
61715 36369
12151 43318
51872 67073
51717 11277
40919 59597
54002 39038
2271 27249
46058 1003
61475 2500
30958 468
26006 3553
29584 67604
51819 74598
5236 66278
67359 69157
49069 14818
57182 8735
41312 53845
14623 40063
14155 55004
6913 71091
33600 7911
54577 13392
57877 48438
68079 26408
22737 45649
71252 51008
66315 46084
73285 59019
10997 41
967 53621
16239 68167
59548 7119
47098 16064
20544 22651
60320 9326
69022 40428
4013 41282
25182 7061
33103 48021
54351 26519
8841 29404
28196 21009
29147 61437
58252 31481
2416 28574
24283 28474
68347 12762
11569 33728
71708 34608
13966 2842
64593 55963
68509 39437
62208 48189
24936 1041
36336 51761
30639 20136
65021 14460
6931 33790
59522 63456
40688 74509
39227 42924
42090 51692
14375 72471
29111 33092
65026 42738
42577 5497
22126 66157
71766 5704
63371 24023
70109 73638
44801 29238
64982 53602
674 27661
9730 44046
27250 66970
12700 834
25935 52200
20082 70936
54506 44342
44809 24664
40751 67427
26303 56065
11851 69155
7783 69918
58428 21667
31687 42037
13116 25384
760 9978
26035 17389
21779 30319
27199 34563
54158 73095
71712 46818
36561 41549
71783 48546
50213 43810
71022 27426
9652 44376
6301 15007
23343 54462
30990 3606
74027 53465
54478 24509
61825 34258
1373 36326
63896 5646
37910 37561
15308 7262
60556 2941
17352 19392
10790 26494
52408 71243
24710 60743
3960 46076
61649 36099
50212 24523
68629 8240
66356 56597
13321 42044
19311 25009
55467 426
34021 13542
12665 23517
25562 71477
29799 37016
55240 30588
45425 7379
59517 20928
35565 64395
56085 12162
74462 18135
58959 53404
31338 35433
62280 64231
19063 34506
12789 37283
53135 29033
601 43431
42273 66304
30555 2368
61578 27001
57173 66024
66204 18583
58549 30359
16305 37462
25838 62776
38416 26334
47544 9541
10806 21967
47269 73279
34460 42649
49188 41218
61656 185
5371 31753
8620 64003
42175 2725
5020 50378
66555 57459
23723 54926
10592 18833
7527 12854
58547 61370
13347 70958
67581 11616
12588 21199
61394 38090
13124 6358
46975 35530
41424 6351
2259 22718
63645 58538
69346 11198
47513 39586
70300 54557
39139 36360
65725 29807
53491 4218
57232 4981
32220 14328
46511 22752
5451 26496
28341 56546
14429 67285
49506 56137
70586 20289
34963 13826
69831 15514
21366 49450
39843 29507
43990 13517
5166 71836
59580 2974
46423 30759
10018 35958
25558 8694
45157 45595
59989 48921
45013 39187
73007 71726
32981 44467
6615 4951
8385 56782
1914 66647
4031 17069
72146 36621
71919 48195
9695 7154
59682 8390
14421 52131
1591 72142
54030 924
7287 15055
5956 64890
7383 65316
7794 16017
72270 66610
48816 60237
61223 9186
29433 34806
48416 61323
18060 60600
15679 73058
69023 61906
45123 1395
38288 58283
11463 63897
11684 70722
70252 55200
26011 54091
48483 65823
38623 25242
39546 17533
61670 38755
51782 19939
44701 53685
36045 33104
33176 46111
56747 19601
72220 60767
74110 53061
8731 29791
17131 38665
14372 33549
24410 11705
59650 16321
11586 26826
19035 47063
69682 4642
4041 35182
34304 1888
14629 70297
25716 11736
23332 47948
50166 16874
53507 2857
13894 44530
19368 73221
49575 46803
25479 17327
14527 54476
22255 27900
17344 12958
66977 2578
14292 27747
27942 65868
31613 6990
1784 50043
56224 67214
17523 5461
47340 38549
20060 68543
733 37511
67411 72369
65049 48504
43949 7982
67396 37499
50657 13105
32295 24853
41192 63415
46206 39888
10253 12182
34327 39743
9019 70327
60916 44965
21385 60067
48963 62976
70010 34854
72226 63146
15936 30947
31948 45542
45793 70126
70850 9633
11158 42128
50875 32469
52625 74974
31113 71809
54406 63743
71331 21432
66232 25953
41572 53417
5173 42421
67987 26109
26197 32571
51709 38377
8319 35028
34869 62059
16516 66658
8388 57522
58765 20168
12216 55586
1996 13310
68357 72610
8484 15061
73880 44006
38030 23703
72322 37763
74338 69328
36538 5480
27107 68881
39862 51109
36592 44720
74485 2083
14627 15169
34314 70239
24068 46290
27323 55026
37312 53261
14349 66732
53602 24193
28226 28713
9149 72412
26875 44784
7155 11878
6540 25239
58890 6119
14645 54576
28276 72702
52581 47775
47225 63522
4095 50513
49379 12966
73686 31333
53957 23669
44532 64137
55438 5125
18844 21751
46206 45661
32732 6541
14347 35638
60828 44555
18412 66804
3066 59130
73186 58434
64549 34080
34525 2183
60516 73937
41900 47072
29378 69559
35977 68767
2722 23756
4783 62842
60184 52620
56194 22250
49254 62774
8361 16389
71400 23419
51340 24283
67253 52040
10106 26512
72442 45633
60160 35889
50968 8639
32699 56333
23868 69640
60269 12807
20834 35926
51332 22585
48873 69363
52333 46365
38392 45355
23220 5530
36144 8366
21796 52212
7279 19655
68861 57813
32252 56243
34288 64902
9351 54396
55594 45808
72569 68253
38778 25041
37047 55138
23142 62319
56019 44395
1744 67497
12325 27379
56755 42557
49063 27484
17088 26878
10155 44848
42142 36984
59688 73859
13447 11668
